{
  "advancedEditorSelectedIdentifier" : "ShaderGraphEditorPluginID",
  "openSceneRelativePaths" : [
    "Store.usda",
    "Notebook.usda",
    "Bottle.usda",
    "Mug.usda"
  ],
  "recentIdentifiers" : {
    "26F2AE47-05D0-433C-A0E3-FB623AAB8997" : [

    ],
    "036D6F49-DE5A-4AE2-9B5D-F0C100FF3993" : [

    ],
    "55D4D4B9-89E3-47D8-9B16-C0A520BB38A8" : [

    ],
    "88C5B37B-537F-4D91-9349-4C08E80FD7F0" : [

    ],
    "5483EF9B-AF5C-453E-B313-C2BA2BCFB91D" : [

    ],
    "AF09ED6F-1707-48FD-8720-65B998362C09" : [

    ],
    "CC0E8310-7634-4706-A6B4-96581BD8D838" : [

    ],
    "D560BB77-AAF3-4BDE-B7C4-989332A4688B" : [

    ],
    "E38957ED-D601-4FD7-9ECB-0F6A06F77D2C" : [

    ],
    "EC461BD0-B71A-45C0-872C-14285747C200" : [

    ]
  },
  "sceneCameraHistory" : {
    "7A75E6DD-65A9-453A-95A6-AB25ECAF64C0" : [
      {
        "date" : 711638953.61847699,
        "title" : "Untitled",
        "transform" : [
          1,
          0,
          0,
          0,
          0,
          0.86602520942687988,
          -0.50000029802322388,
          0,
          0,
          0.50000029802322388,
          0.86602520942687988,
          0,
          0,
          13.019936561584473,
          16.655391693115234,
          1
        ]
      }
    ],
    "26F2AE47-05D0-433C-A0E3-FB623AAB8997" : [
      {
        "date" : 716918462.47004497,
        "title" : "Untitled",
        "transform" : [
          0.12862858176231384,
          -1.8921446631736671e-09,
          -0.99169290065765381,
          0,
          -0.38563695549964905,
          0.92129373550415039,
          -0.050019439309835434,
          0,
          0.91364043951034546,
          0.38886731863021851,
          0.11850470304489136,
          0,
          75.058837890625,
          52.690292358398438,
          10.662919998168945,
          1
        ]
      },
      {
        "date" : 716918333.20956898,
        "title" : "Untitled",
        "transform" : [
          0.14197881519794464,
          -1.1114662523681318e-09,
          -0.98986971378326416,
          0,
          -0.48477464914321899,
          0.87187087535858154,
          -0.069532163441181183,
          0,
          0.86303848028182983,
          0.48973587155342102,
          0.12378725409507751,
          0,
          68.585693359375,
          60.859504699707031,
          10.766419410705566,
          1
        ]
      },
      {
        "date" : 716918224.45443499,
        "title" : "Untitled",
        "transform" : [
          0.035820659250020981,
          -1.0876497480438729e-09,
          -0.99935823678970337,
          0,
          -0.48551386594772339,
          0.87405574321746826,
          -0.017402641475200653,
          0,
          0.87349474430084229,
          0.48582571744918823,
          0.031309295445680618,
          0,
          69.460136413574219,
          60.544822692871094,
          3.3268897533416748,
          1
        ]
      },
      {
        "date" : 716918217.94220197,
        "title" : "Untitled",
        "transform" : [
          0.039045587182044983,
          -1.4943840609404901e-09,
          -0.99923741817474365,
          0,
          -0.32664784789085388,
          0.94505995512008667,
          -0.012763938866555691,
          0,
          0.94433921575546265,
          0.32689720392227173,
          0.036900464445352554,
          0,
          75.053993225097656,
          47.760971069335938,
          3.7727086544036865,
          1
        ]
      },
      {
        "date" : 716917596.59526396,
        "title" : "Untitled",
        "transform" : [
          -0.025944892317056656,
          -1.5001473396836218e-09,
          -0.99966335296630859,
          0,
          -0.32276153564453125,
          0.94644325971603394,
          0.0083767864853143692,
          0,
          0.9461246132850647,
          0.32287028431892395,
          -0.024555323645472527,
          0,
          75.343162536621094,
          47.440582275390625,
          -1.1158416271209717,
          1
        ]
      },
      {
        "date" : 716917594.97469604,
        "title" : "Untitled",
        "transform" : [
          0.28395771980285645,
          -1.499651958170034e-09,
          -0.95883679389953613,
          0,
          -0.29797160625457764,
          0.95048725605010986,
          -0.088243789970874786,
          0,
          0.91136211156845093,
          0.3107636570930481,
          0.26989823579788208,
          0,
          72.581619262695312,
          46.474998474121094,
          22.370246887207031,
          1
        ]
      },
      {
        "date" : 716916892.22620296,
        "title" : "Untitled",
        "transform" : [
          0.46893420815467834,
          -9.2192919964872999e-11,
          -0.88323307037353516,
          0,
          -0.4823451042175293,
          0.8377113938331604,
          -0.25609114766120911,
          0,
          0.73989444971084595,
          0.54611307382583618,
          0.39283162355422974,
          0,
          53.779331207275391,
          64.542892456054688,
          29.503280639648438,
          1
        ]
      },
      {
        "date" : 716916432.71594405,
        "title" : "Untitled",
        "transform" : [
          0.79747211933135986,
          9.3154817193408235e-11,
          -0.6033557653427124,
          0,
          -0.25500953197479248,
          0.90629202127456665,
          -0.33705323934555054,
          0,
          0.54681652784347534,
          0.42265206575393677,
          0.72274267673492432,
          0,
          41.45440673828125,
          55.258525848388672,
          56.182502746582031,
          1
        ]
      },
      {
        "date" : 716916397.54904604,
        "title" : "Untitled",
        "transform" : [
          1,
          0,
          0,
          0,
          0,
          0.86493134498596191,
          -0.50189024209976196,
          0,
          0,
          0.50189024209976196,
          0.86493134498596191,
          0,
          -0.83930110931396484,
          61.271919250488281,
          64.602584838867188,
          1
        ]
      },
      {
        "date" : 716916386.598755,
        "title" : "Untitled",
        "transform" : [
          1,
          0,
          0,
          0,
          0,
          0.86493128538131714,
          -0.50189024209976196,
          0,
          0,
          0.50189024209976196,
          0.86493128538131714,
          0,
          -0.83930110931396484,
          128.96768188476562,
          178.74423217773438,
          1
        ]
      }
    ],
    "036D6F49-DE5A-4AE2-9B5D-F0C100FF3993" : [
      {
        "date" : 716983374.35035706,
        "title" : "Untitled",
        "transform" : [
          1,
          0,
          0,
          0,
          0,
          0.86602544784545898,
          -0.49999988079071045,
          0,
          0,
          0.49999988079071045,
          0.86602544784545898,
          0,
          0,
          1.3457851409912109,
          2.3309638500213623,
          1
        ]
      },
      {
        "date" : 716983360.48394597,
        "title" : "Untitled",
        "transform" : [
          1,
          0,
          0,
          0,
          0,
          0.86602544784545898,
          -0.49999988079071045,
          0,
          0,
          0.49999988079071045,
          0.86602544784545898,
          0,
          0,
          0.49891600012779236,
          0.86414796113967896,
          1
        ]
      },
      {
        "date" : 716983306.44530797,
        "title" : "Untitled",
        "transform" : [
          1,
          0,
          0,
          0,
          0,
          0.86602544784545898,
          -0.49999988079071045,
          0,
          0,
          0.49999988079071045,
          0.86602544784545898,
          0,
          0,
          0.23566223680973053,
          0.40817901492118835,
          1
        ]
      }
    ],
    "55D4D4B9-89E3-47D8-9B16-C0A520BB38A8" : [
      {
        "date" : 717002556.17503297,
        "title" : "Untitled",
        "transform" : [
          0.20237720012664795,
          -6.031499566461207e-08,
          0.97930765151977539,
          0,
          0.6874767541885376,
          0.7121741771697998,
          -0.14206932485103607,
          0,
          -0.69743752479553223,
          0.70200282335281372,
          0.14412784576416016,
          0,
          -0.32287895679473877,
          0.26363682746887207,
          0.043055199086666107,
          1
        ]
      },
      {
        "date" : 716989632.27581203,
        "title" : "Untitled",
        "transform" : [
          0.2023770809173584,
          -1.1743857442070293e-08,
          0.97930765151977539,
          0,
          0.68747687339782715,
          0.7121741771697998,
          -0.14206929504871368,
          0,
          -0.697437584400177,
          0.7020028829574585,
          0.14412775635719299,
          0,
          -0.52060562372207642,
          0.41889241337776184,
          0.037822660058736801,
          1
        ]
      },
      {
        "date" : 716989526.05760598,
        "title" : "Untitled",
        "transform" : [
          0.38141980767250061,
          -1.7387502992960435e-08,
          0.92440205812454224,
          0,
          0.40389007329940796,
          0.89950025081634521,
          -0.16665005683898926,
          0,
          -0.83149975538253784,
          0.43692037463188171,
          0.34308716654777527,
          0,
          -0.60324788093566895,
          0.23107998073101044,
          0.1750018298625946,
          1
        ]
      },
      {
        "date" : 716989522.891101,
        "title" : "Untitled",
        "transform" : [
          0.38534218072891235,
          -1.5071719872139511e-08,
          0.92277377843856812,
          0,
          0.6515200138092041,
          0.70816677808761597,
          -0.27206897735595703,
          0,
          -0.65347772836685181,
          0.70604521036148071,
          0.27288651466369629,
          0,
          -0.32548284530639648,
          0.27369880676269531,
          0.087881505489349365,
          1
        ]
      },
      {
        "date" : 716986820.81757104,
        "title" : "Untitled",
        "transform" : [
          0.38534218072891235,
          1.4730602515555802e-08,
          0.92277377843856812,
          0,
          0.65151995420455933,
          0.70816683769226074,
          -0.27206900715827942,
          0,
          -0.65347772836685181,
          0.70604521036148071,
          0.27288651466369629,
          0,
          -3.7910425662994385,
          3.6361551284790039,
          1.0813444852828979,
          1
        ]
      },
      {
        "date" : 716986732.07852006,
        "title" : "Untitled",
        "transform" : [
          0.38534227013587952,
          -5.8017297632773079e-09,
          0.92277371883392334,
          0,
          0.65151989459991455,
          0.70816683769226074,
          -0.27206906676292419,
          0,
          -0.65347766876220703,
          0.70604515075683594,
          0.27288663387298584,
          0,
          -0.26489493250846863,
          0.19341805577278137,
          0.089183367788791656,
          1
        ]
      },
      {
        "date" : 716986635.25284803,
        "title" : "Untitled",
        "transform" : [
          0.26623296737670898,
          -1.1767795626838051e-09,
          0.96390873193740845,
          0,
          0.51411068439483643,
          0.84588813781738281,
          -0.14199812710285187,
          0,
          -0.81535893678665161,
          0.53336036205291748,
          0.22520333528518677,
          0,
          -0.308380126953125,
          0.12749481201171875,
          0.064655303955078125,
          1
        ]
      },
      {
        "date" : 716986625.380193,
        "title" : "Untitled",
        "transform" : [
          0.26623302698135376,
          -2.4588436176031792e-08,
          0.96390873193740845,
          0,
          0.5141107439994812,
          0.84588807821273804,
          -0.14199814200401306,
          0,
          -0.81535881757736206,
          0.53336042165756226,
          0.22520337998867035,
          0,
          -277.7747802734375,
          101.07827758789062,
          58.932834625244141,
          1
        ]
      },
      {
        "date" : 716986439.88311398,
        "title" : "Untitled",
        "transform" : [
          0.24930006265640259,
          -2.403452015187213e-08,
          0.96842628717422485,
          0,
          0.42078283429145813,
          0.90067100524902344,
          -0.10832127183675766,
          0,
          -0.87223345041275024,
          0.43450167775154114,
          0.22453737258911133,
          0,
          -288.05746459960938,
          68.44866943359375,
          56.448074340820312,
          1
        ]
      },
      {
        "date" : 716986425.04857898,
        "title" : "Untitled",
        "transform" : [
          0.24930006265640259,
          -2.403452015187213e-08,
          0.96842628717422485,
          0,
          0.42078283429145813,
          0.90067100524902344,
          -0.10832127183675766,
          0,
          -0.87223345041275024,
          0.43450167775154114,
          0.22453737258911133,
          0,
          -288.05752563476562,
          68.448707580566406,
          56.448085784912109,
          1
        ]
      }
    ],
    "88C5B37B-537F-4D91-9349-4C08E80FD7F0" : [
      {
        "date" : 711647412.50006902,
        "title" : "Untitled",
        "transform" : [
          1,
          0,
          0,
          0,
          0,
          0.86602538824081421,
          -0.5,
          0,
          0,
          0.5,
          0.86602538824081421,
          0,
          0,
          0.27093476057052612,
          0.46927279233932495,
          1
        ]
      }
    ],
    "5483EF9B-AF5C-453E-B313-C2BA2BCFB91D" : [
      {
        "date" : 716994399.468853,
        "title" : "Untitled",
        "transform" : [
          0.99776637554168701,
          6.5885079614247388e-09,
          -0.066799618303775787,
          0,
          -0.020151020959019661,
          0.9534144401550293,
          -0.30098980665206909,
          0,
          0.063687726855278015,
          0.30166366696357727,
          0.95128488540649414,
          0,
          0.041534308344125748,
          0.47134184837341309,
          0.64130163192749023,
          1
        ]
      },
      {
        "date" : 716994395.11904502,
        "title" : "Untitled",
        "transform" : [
          0.99683791399002075,
          7.1132912893290268e-09,
          -0.079461410641670227,
          0,
          -0.054136689752340317,
          0.73200869560241699,
          -0.67914098501205444,
          0,
          0.058166440576314926,
          0.68129533529281616,
          0.72969400882720947,
          0,
          0.036998182535171509,
          0.72491788864135742,
          0.48172271251678467,
          1
        ]
      },
      {
        "date" : 716994393.03391194,
        "title" : "Untitled",
        "transform" : [
          0.99683797359466553,
          7.0148633568578589e-09,
          -0.079461418092250824,
          0,
          -0.054136700928211212,
          0.73200869560241699,
          -0.67914098501205444,
          0,
          0.058166444301605225,
          0.68129527568817139,
          0.72969400882720947,
          0,
          -0.47289285063743591,
          1.0717076063156128,
          1.3871729373931885,
          1
        ]
      },
      {
        "date" : 716903948.92862904,
        "title" : "Untitled",
        "transform" : [
          0.99424874782562256,
          7.0004619878716312e-09,
          -0.10709560662508011,
          0,
          -0.044504202902317047,
          0.90956771373748779,
          -0.41316577792167664,
          0,
          0.097410701215267181,
          0.41555574536323547,
          0.90433651208877563,
          0,
          -0.40536004304885864,
          0.5925675630569458,
          1.667627215385437,
          1
        ]
      },
      {
        "date" : 716903860.43810999,
        "title" : "Untitled",
        "transform" : [
          0.99424874782562256,
          7.0004619878716312e-09,
          -0.10709560662508011,
          0,
          -0.044504202902317047,
          0.90956771373748779,
          -0.41316577792167664,
          0,
          0.097410701215267181,
          0.41555574536323547,
          0.90433651208877563,
          0,
          -0.5688786506652832,
          0.011360038071870804,
          -0.11678394675254822,
          1
        ]
      },
      {
        "date" : 716903842.86454403,
        "title" : "Untitled",
        "transform" : [
          0.99424874782562256,
          7.0004619878716312e-09,
          -0.10709560662508011,
          0,
          -0.044504202902317047,
          0.90956771373748779,
          -0.41316577792167664,
          0,
          0.097410701215267181,
          0.41555574536323547,
          0.90433651208877563,
          0,
          -0.5709109902381897,
          0.0026894253678619862,
          -0.1356530487537384,
          1
        ]
      },
      {
        "date" : 716903840.91046095,
        "title" : "Untitled",
        "transform" : [
          0.99424874782562256,
          5.7194888825051748e-09,
          -0.10709561407566071,
          0,
          -0.044504206627607346,
          0.90956771373748779,
          -0.41316580772399902,
          0,
          0.097410708665847778,
          0.41555577516555786,
          0.90433651208877563,
          0,
          -0.56993371248245239,
          0.0075303069315850735,
          -0.12520535290241241,
          1
        ]
      },
      {
        "date" : 716903837.15696299,
        "title" : "Untitled",
        "transform" : [
          0.99424874782562256,
          5.7194888825051748e-09,
          -0.10709561407566071,
          0,
          -0.044504206627607346,
          0.90956771373748779,
          -0.41316580772399902,
          0,
          0.097410708665847778,
          0.41555577516555786,
          0.90433651208877563,
          0,
          -0.57091093063354492,
          0.0026894286274909973,
          -0.1356530487537384,
          1
        ]
      },
      {
        "date" : 716903795.17233598,
        "title" : "Untitled",
        "transform" : [
          0.99424874782562256,
          4.4385162212279283e-09,
          -0.1070956215262413,
          0,
          -0.044504214078187943,
          0.90956771373748779,
          -0.41316583752632141,
          0,
          0.097410716116428375,
          0.41555580496788025,
          0.90433651208877563,
          0,
          -0.55049282312393188,
          0.09951840341091156,
          0.074363522231578827,
          1
        ]
      },
      {
        "date" : 716903794.04324102,
        "title" : "Untitled",
        "transform" : [
          0.99424874782562256,
          4.4385162212279283e-09,
          -0.1070956215262413,
          0,
          -0.044504214078187943,
          0.90956771373748779,
          -0.41316583752632141,
          0,
          0.097410716116428375,
          0.41555580496788025,
          0.90433651208877563,
          0,
          -0.54874145984649658,
          0.10793992877006531,
          0.09242808073759079,
          1
        ]
      }
    ],
    "35842A5D-B9DD-4A8B-8DDA-1EE6A0314094" : [
      {
        "date" : 715518572.82639503,
        "title" : "Untitled",
        "transform" : [
          1,
          0,
          0,
          0,
          0,
          0.86602544784545898,
          -0.49999988079071045,
          0,
          0,
          0.49999988079071045,
          0.86602544784545898,
          0,
          0,
          0.21784831583499908,
          0.37732440233230591,
          1
        ]
      }
    ],
    "86157EF1-48F0-43B3-82F7-23C36FDE8EFC" : [
      {
        "date" : 711553714.45785201,
        "title" : "Untitled",
        "transform" : [
          1,
          0,
          0,
          0,
          0,
          0.86602544784545898,
          -0.49999994039535522,
          0,
          0,
          0.49999994039535522,
          0.86602544784545898,
          0,
          0,
          0.27093505859375,
          0.46927332878112793,
          1
        ]
      }
    ],
    "AF09ED6F-1707-48FD-8720-65B998362C09" : [
      {
        "date" : 711538707.08963799,
        "title" : "Untitled",
        "transform" : [
          0.99999654293060303,
          -2.4724475244930488e-10,
          -0.0026000712532550097,
          0,
          -0.001877664471976459,
          0.69172590970993042,
          -0.72215783596038818,
          0,
          0.0017985205631703138,
          0.7221602201461792,
          0.6917235255241394,
          0,
          -0.064874798059463501,
          2.8256497383117676,
          -0.064152121543884277,
          1
        ]
      },
      {
        "date" : 711538698.74902594,
        "title" : "Untitled",
        "transform" : [
          0.99895703792572021,
          -2.4946553156546258e-10,
          0.045659396797418594,
          0,
          0.030262606218457222,
          0.74880522489547729,
          -0.66209900379180908,
          0,
          -0.034190010279417038,
          0.66279017925262451,
          0.74802428483963013,
          0,
          -0.13942910730838776,
          2.7029080390930176,
          0.059276103973388672,
          1
        ]
      }
    ],
    "CC0E8310-7634-4706-A6B4-96581BD8D838" : [
      {
        "date" : 716994588.36562204,
        "title" : "Untitled",
        "transform" : [
          0,
          0,
          0,
          0,
          0,
          0,
          0,
          0,
          0,
          0,
          0,
          0,
          0,
          0,
          0,
          1
        ]
      },
      {
        "date" : 716994586.87637997,
        "title" : "Untitled",
        "transform" : [
          0,
          0,
          0,
          0,
          0,
          0,
          0,
          0,
          0,
          0,
          0,
          0,
          0,
          0,
          0,
          1
        ]
      },
      {
        "date" : 716994583.74838901,
        "title" : "Untitled",
        "transform" : [
          0,
          0,
          0,
          0,
          0,
          0,
          0,
          0,
          0,
          0,
          0,
          0,
          0,
          0,
          0,
          1
        ]
      },
      {
        "date" : 716994539.66275406,
        "title" : "Untitled",
        "transform" : [
          0,
          0,
          0,
          0,
          0,
          0,
          0,
          0,
          0,
          0,
          0,
          0,
          0,
          0,
          0,
          0
        ]
      },
      {
        "date" : 716994506.19126499,
        "title" : "Untitled",
        "transform" : [
          0,
          0,
          0,
          0,
          0,
          0,
          0,
          0,
          0,
          0,
          0,
          0,
          0,
          0,
          0,
          0
        ]
      },
      {
        "date" : 716994490.83981204,
        "title" : "Untitled",
        "transform" : [
          0,
          0,
          0,
          0,
          0,
          0,
          0,
          0,
          0,
          0,
          0,
          0,
          0,
          0,
          0,
          0
        ]
      },
      {
        "date" : 716994480.20560396,
        "title" : "Untitled",
        "transform" : [
          0,
          0,
          0,
          0,
          0,
          0,
          0,
          0,
          0,
          0,
          0,
          0,
          0,
          0,
          0,
          0
        ]
      },
      {
        "date" : 716994477.55584002,
        "title" : "Untitled",
        "transform" : [
          0,
          0,
          0,
          0,
          0,
          0,
          0,
          0,
          0,
          0,
          0,
          0,
          0,
          0,
          0,
          1
        ]
      },
      {
        "date" : 716994470.345837,
        "title" : "Untitled",
        "transform" : [
          0,
          0,
          0,
          0,
          0,
          0,
          0,
          0,
          0,
          0,
          0,
          0,
          0,
          0,
          0,
          0
        ]
      },
      {
        "date" : 716994466.69652295,
        "title" : "Untitled",
        "transform" : [
          0,
          0,
          0,
          0,
          0,
          0,
          0,
          0,
          0,
          0,
          0,
          0,
          0,
          0,
          0,
          0
        ]
      }
    ],
    "D560BB77-AAF3-4BDE-B7C4-989332A4688B" : [
      {
        "date" : 711555249.35702896,
        "title" : "Untitled",
        "transform" : [
          -0.25002413988113403,
          0,
          -0.96823960542678833,
          0,
          -0.48411989212036133,
          0.86602532863616943,
          0.12501212954521179,
          0,
          0.83851993083953857,
          0.50000011920928955,
          -0.21652722358703613,
          0,
          15.997272491455078,
          8.9876737594604492,
          -3.5686206817626953,
          1
        ]
      },
      {
        "date" : 711555243.55558205,
        "title" : "Untitled",
        "transform" : [
          -0.25002413988113403,
          0,
          -0.96823960542678833,
          0,
          -0.48411989212036133,
          0.86602532863616943,
          0.12501212954521179,
          0,
          0.83851993083953857,
          0.50000011920928955,
          -0.21652722358703613,
          0,
          6.9547653198242188,
          4.4744758605957031,
          -1.5514469146728516,
          1
        ]
      },
      {
        "date" : 711555231.227144,
        "title" : "Untitled",
        "transform" : [
          -0.25002413988113403,
          0,
          -0.96823960542678833,
          0,
          -0.48411989212036133,
          0.86602532863616943,
          0.12501212954521179,
          0,
          0.83851993083953857,
          0.50000011920928955,
          -0.21652722358703613,
          0,
          236.96734619140625,
          119.27590942382812,
          -52.861915588378906,
          1
        ]
      },
      {
        "date" : 711555220.99152899,
        "title" : "Untitled",
        "transform" : [
          -0.25002413988113403,
          0,
          -0.96823960542678833,
          0,
          -0.48411989212036133,
          0.86602532863616943,
          0.12501212954521179,
          0,
          0.83851993083953857,
          0.50000011920928955,
          -0.21652722358703613,
          0,
          38.605804443359375,
          20.271804809570312,
          -8.6120595932006836,
          1
        ]
      },
      {
        "date" : 711553562.39223599,
        "title" : "Untitled",
        "transform" : [
          -0.25002413988113403,
          0,
          -0.96823960542678833,
          0,
          -0.48411989212036133,
          0.86602532863616943,
          0.12501212954521179,
          0,
          0.83851993083953857,
          0.50000011920928955,
          -0.21652722358703613,
          0,
          3.369880199432373,
          2.6852269172668457,
          -0.75174212455749512,
          1
        ]
      },
      {
        "date" : 711553554.45965695,
        "title" : "Untitled",
        "transform" : [
          0.99962663650512695,
          0,
          -0.027325088158249855,
          0,
          -0.013662547804415226,
          0.86602532863616943,
          -0.49981343746185303,
          0,
          0.023664219304919243,
          0.50000011920928955,
          0.86570191383361816,
          0,
          -0.025230621919035912,
          3.0887770652770996,
          4.2810497283935547,
          1
        ]
      },
      {
        "date" : 711553493.04041004,
        "title" : "Untitled",
        "transform" : [
          0.99962663650512695,
          0,
          -0.027325088158249855,
          0,
          -0.013662547804415226,
          0.86602532863616943,
          -0.49981343746185303,
          0,
          0.023664219304919243,
          0.50000011920928955,
          0.86570191383361816,
          0,
          -0.020915668457746506,
          2.7321157455444336,
          3.5489027500152588,
          1
        ]
      },
      {
        "date" : 711553488.81869602,
        "title" : "Untitled",
        "transform" : [
          0.99994492530822754,
          0,
          -0.01049785315990448,
          0,
          -0.0052489279769361019,
          0.86602532863616943,
          -0.49997258186340332,
          0,
          0.0090914070606231689,
          0.50000011920928955,
          0.86597758531570435,
          0,
          -0.028962420299649239,
          1.6242128610610962,
          1.274314284324646,
          1
        ]
      },
      {
        "date" : 711553486.49839199,
        "title" : "Untitled",
        "transform" : [
          0.99994492530822754,
          0,
          -0.01049785315990448,
          0,
          -0.0052489279769361019,
          0.86602532863616943,
          -0.49997258186340332,
          0,
          0.0090914070606231689,
          0.50000011920928955,
          0.86597758531570435,
          0,
          -0.078682586550712585,
          2.6901619434356689,
          3.4619462490081787,
          1
        ]
      },
      {
        "date" : 711553461.44753098,
        "title" : "Untitled",
        "transform" : [
          0.99994492530822754,
          0,
          -0.01049785315990448,
          0,
          -0.0052489279769361019,
          0.86602532863616943,
          -0.49997258186340332,
          0,
          0.0090914070606231689,
          0.50000011920928955,
          0.86597758531570435,
          0,
          0.1482229083776474,
          2.0426051616668701,
          3.2693884372711182,
          1
        ]
      }
    ],
    "E1FA2DAC-E5FC-4610-B6FD-9C2E94E555AA" : [
      {
        "date" : 711643345.34794104,
        "title" : "Untitled",
        "transform" : [
          0.99792736768722534,
          2.6794049201583903e-09,
          0.064351677894592285,
          0,
          0.06287645548582077,
          0.21289201080799103,
          -0.97505050897598267,
          0,
          -0.013699961826205254,
          0.97707569599151611,
          0.21245075762271881,
          0,
          -0.48113247752189636,
          36.390232086181641,
          7.4611124992370605,
          1
        ]
      },
      {
        "date" : 711643311.82738495,
        "title" : "Untitled",
        "transform" : [
          1,
          0,
          0,
          0,
          0,
          0.86633074283599854,
          -0.49947077035903931,
          0,
          0,
          0.49947077035903931,
          0.86633074283599854,
          0,
          0,
          19.584003448486328,
          30.499691009521484,
          1
        ]
      }
    ],
    "E61F53E1-0783-4FA5-BC4E-86C98F417CAA" : [
      {
        "date" : 713193133.93856001,
        "title" : "Untitled",
        "transform" : [
          1,
          0,
          0,
          0,
          0,
          0.86602544784545898,
          -0.49999988079071045,
          0,
          0,
          0.49999988079071045,
          0.86602544784545898,
          0,
          0,
          0.19880329072475433,
          0.34433743357658386,
          1
        ]
      }
    ],
    "E38957ED-D601-4FD7-9ECB-0F6A06F77D2C" : [
      {
        "date" : 717000582.93647206,
        "title" : "Untitled",
        "transform" : [
          0.87317067384719849,
          -3.5064719128286015e-08,
          -0.48741453886032104,
          0,
          -0.38091456890106201,
          0.62390494346618652,
          -0.68238317966461182,
          0,
          0.30410036444664001,
          0.78150022029876709,
          0.54477542638778687,
          0,
          2.9773383140563965,
          4.5398154258728027,
          0.44091510772705078,
          1
        ]
      },
      {
        "date" : 716983954.57794297,
        "title" : "Untitled",
        "transform" : [
          0.87317067384719849,
          -3.5064719128286015e-08,
          -0.48741453886032104,
          0,
          -0.38091456890106201,
          0.62390494346618652,
          -0.68238317966461182,
          0,
          0.30410036444664001,
          0.78150022029876709,
          0.54477542638778687,
          0,
          2.6544127464294434,
          4.6576633453369141,
          0.4521174430847168,
          1
        ]
      },
      {
        "date" : 716983258.49129903,
        "title" : "Untitled",
        "transform" : [
          0.87317067384719849,
          -3.5064719128286015e-08,
          -0.48741453886032104,
          0,
          -0.38091456890106201,
          0.62390494346618652,
          -0.68238317966461182,
          0,
          0.30410036444664001,
          0.78150022029876709,
          0.54477542638778687,
          0,
          1.9801468849182129,
          6.1004600524902344,
          -1.2412416934967041,
          1
        ]
      },
      {
        "date" : 716983229.30457795,
        "title" : "Untitled",
        "transform" : [
          0.87317067384719849,
          -3.5064719128286015e-08,
          -0.48741453886032104,
          0,
          -0.38091456890106201,
          0.62390494346618652,
          -0.68238317966461182,
          0,
          0.30410036444664001,
          0.78150022029876709,
          0.54477542638778687,
          0,
          1.463822603225708,
          4.7735776901245117,
          -2.1661994457244873,
          1
        ]
      },
      {
        "date" : 716982700.42509902,
        "title" : "Untitled",
        "transform" : [
          0.87317067384719849,
          -3.5064719128286015e-08,
          -0.48741453886032104,
          0,
          -0.38091456890106201,
          0.62390494346618652,
          -0.68238317966461182,
          0,
          0.30410036444664001,
          0.78150022029876709,
          0.54477542638778687,
          0,
          0.054818630218505859,
          1.1526107788085938,
          -4.690342903137207,
          1
        ]
      },
      {
        "date" : 716980247.32289398,
        "title" : "Untitled",
        "transform" : [
          0.87317073345184326,
          -5.5963777612078047e-08,
          -0.48741456866264343,
          0,
          -0.38091456890106201,
          0.6239050030708313,
          -0.68238312005996704,
          0,
          0.30410042405128479,
          0.78150016069412231,
          0.54477554559707642,
          0,
          3.0883121490478516,
          8.9636306762695312,
          0.75813674926757812,
          1
        ]
      },
      {
        "date" : 716980234.28838897,
        "title" : "Untitled",
        "transform" : [
          0.86897397041320801,
          -5.5963777612078047e-08,
          -0.49485784769058228,
          0,
          -0.38673147559165955,
          0.6239050030708313,
          -0.6791033148765564,
          0,
          0.30874431133270264,
          0.78150016069412231,
          0.54215717315673828,
          0,
          0.055790707468986511,
          1.152815580368042,
          -4.6905784606933594,
          1
        ]
      },
      {
        "date" : 716980227.51714504,
        "title" : "Untitled",
        "transform" : [
          0.86897397041320801,
          -4.3470670618717122e-08,
          -0.49485784769058228,
          0,
          -0.38673144578933716,
          0.6239050030708313,
          -0.6791033148765564,
          0,
          0.30874431133270264,
          0.78150016069412231,
          0.54215717315673828,
          0,
          0.055791139602661133,
          1.1528158187866211,
          -5.8891825675964355,
          1
        ]
      },
      {
        "date" : 716978978.41475904,
        "title" : "Untitled",
        "transform" : [
          0.86897403001785278,
          1.2553433847983797e-09,
          -0.49485784769058228,
          0,
          -0.38673156499862671,
          0.62390506267547607,
          -0.6791033148765564,
          0,
          0.30874428153038025,
          0.78150016069412231,
          0.54215717315673828,
          0,
          2.7732608318328857,
          10.600045204162598,
          3.6077046394348145,
          1
        ]
      },
      {
        "date" : 716479931.28439105,
        "title" : "Untitled",
        "transform" : [
          0.91537821292877197,
          4.3298982177475409e-09,
          -0.40259519219398499,
          0,
          -0.34593477845191956,
          0.51153576374053955,
          -0.78654968738555908,
          0,
          0.20594185590744019,
          0.85926198959350586,
          0.4682486355304718,
          0,
          1.3316364288330078,
          11.693731307983398,
          2.5766584873199463,
          1
        ]
      }
    ],
    "EC461BD0-B71A-45C0-872C-14285747C200" : [
      {
        "date" : 717002254.186252,
        "title" : "Untitled",
        "transform" : [
          0.066129311919212341,
          1.5089673954804539e-09,
          -0.99781107902526855,
          0,
          -0.47031179070472717,
          0.88194966316223145,
          -0.031169604510068893,
          0,
          0.88001918792724609,
          0.47134345769882202,
          0.05832262709736824,
          0,
          1.0774987936019897,
          0.81098049879074097,
          -0.47782593965530396,
          1
        ]
      },
      {
        "date" : 717002244.53896296,
        "title" : "Untitled",
        "transform" : [
          0.065185301005840302,
          1.508967173435849e-09,
          -0.99787312746047974,
          0,
          -0.47034108638763428,
          0.88194966316223145,
          -0.030724655836820602,
          0,
          0.88007396459579468,
          0.47134345769882202,
          0.057490065693855286,
          0,
          1.3781387805938721,
          1.0724071264266968,
          0.072570487856864929,
          1
        ]
      },
      {
        "date" : 716999751.32746196,
        "title" : "Untitled",
        "transform" : [
          0.065185301005840302,
          1.508967173435849e-09,
          -0.99787312746047974,
          0,
          -0.47034108638763428,
          0.88194966316223145,
          -0.030724655836820602,
          0,
          0.88007396459579468,
          0.47134345769882202,
          0.057490065693855286,
          0,
          0.20044191181659698,
          0.15597818791866302,
          0.010554936714470387,
          1
        ]
      },
      {
        "date" : 716995374.56132495,
        "title" : "Untitled",
        "transform" : [
          0.47079390287399292,
          8.7393079439834764e-09,
          -0.88224321603775024,
          0,
          -0.51269900798797607,
          0.81380999088287354,
          -0.27359294891357422,
          0,
          0.71797835826873779,
          0.58113104104995728,
          0.38313668966293335,
          0,
          0.17841798067092896,
          0.14824886620044708,
          0.094685815274715424,
          1
        ]
      },
      {
        "date" : 716995335.45960498,
        "title" : "Untitled",
        "transform" : [
          0.47079390287399292,
          8.7393079439834764e-09,
          -0.88224321603775024,
          0,
          -0.51269900798797607,
          0.81380999088287354,
          -0.27359294891357422,
          0,
          0.71797835826873779,
          0.58113104104995728,
          0.38313668966293335,
          0,
          0.17060084640979767,
          0.17381343245506287,
          0.070559129118919373,
          1
