{
  "advancedEditorSelectedIdentifier" : "ShaderGraphEditorPluginID",
  "openSceneRelativePaths" : [
    "Store.usda",
    "Bottle.usda",
    "Mug.usda",
    "Shelf.usda",
    "Book.usda"
  ],
  "recentIdentifiers" : {
    "3E23E797-3FE3-4E52-BDBC-7ADC694312AE" : [

    ],
    "26F2AE47-05D0-433C-A0E3-FB623AAB8997" : [

    ],
    "036D6F49-DE5A-4AE2-9B5D-F0C100FF3993" : [

    ],
    "55D4D4B9-89E3-47D8-9B16-C0A520BB38A8" : [

    ],
    "88C5B37B-537F-4D91-9349-4C08E80FD7F0" : [

    ],
    "5483EF9B-AF5C-453E-B313-C2BA2BCFB91D" : [

    ],
    "A85873F1-1EF5-49C7-835D-73347192CCCA" : [

    ],
    "A7034894-6C7F-449B-8C26-8A21CBEC8961" : [

    ],
    "AF09ED6F-1707-48FD-8720-65B998362C09" : [

    ],
    "CC0E8310-7634-4706-A6B4-96581BD8D838" : [

    ],
    "D560BB77-AAF3-4BDE-B7C4-989332A4688B" : [

    ],
    "E38957ED-D601-4FD7-9ECB-0F6A06F77D2C" : [

    ],
    "EC461BD0-B71A-45C0-872C-14285747C200" : [

    ]
  },
  "sceneCameraHistory" : {
    "3E23E797-3FE3-4E52-BDBC-7ADC694312AE" : [
      {
        "date" : 717501867.624727,
        "title" : "Untitled",
        "transform" : [
          0.99858344,
          3.4115621e-10,
          0.053208034,
          0,
          0.016029937,
          0.95353913,
          -0.30084231,
          0,
          -0.050735947,
          0.30126905,
          0.95218843,
          0,
          -0.020915678,
          0.19770432,
          0.45010254,
          1
        ]
      },
      {
        "date" : 717501862.165047,
        "title" : "Untitled",
        "transform" : [
          0.99997133,
          1.931627e-10,
          -0.007571769,
          0,
          -0.003684446,
          0.8736232,
          -0.4865891,
          0,
          0.006614873,
          0.48660305,
          0.87359816,
          0,
          0.006104528,
          0.2841533,
          0.401667,
          1
        ]
      },
      {
        "date" : 717501804.617465,
        "title" : "Untitled",
        "transform" : [
          0.99997133,
          1.931627e-10,
          -0.007571769,
          0,
          -0.003684446,
          0.8736232,
          -0.4865891,
          0,
          0.006614873,
          0.48660305,
          0.87359816,
          0,
          0.0040130084,
          0.130297,
          0.12544888,
          1
        ]
      },
      {
        "date" : 717501620.939605,
        "title" : "Untitled",
        "transform" : [
          0.99997133,
          2.3225924e-10,
          -0.007571769,
          0,
          -0.0036844462,
          0.87362325,
          -0.48658907,
          0,
          0.0066148737,
          0.48660305,
          0.8735982,
          0,
          0.005450283,
          0.3999295,
          0.7197957,
          1
        ]
      },
      {
        "date" : 717501604.524226,
        "title" : "Untitled",
        "transform" : [
          0.99996805,
          -6.2745364e-12,
          0.007987761,
          0,
          0.004237601,
          0.8476776,
          -0.5304948,
          0,
          -0.0067710453,
          0.5305118,
          0.8476505,
          0,
          0.0074443654,
          0.19721633,
          0.3753458,
          1
        ]
      },
      {
        "date" : 717501596.388602,
        "title" : "Untitled",
        "transform" : [
          0.9998836,
          4.043607e-11,
          -0.015254238,
          0,
          -0.0028181323,
          0.98278666,
          -0.18472269,
          0,
          0.0149916615,
          0.18474425,
          0.9826723,
          0,
          0.016534688,
          0.050870262,
          0.39926365,
          1
        ]
      },
      {
        "date" : 717501570.580114,
        "title" : "Untitled",
        "transform" : [
          0.9999877,
          6.35587e-11,
          0.0049485466,
          0,
          0.0023207602,
          0.88320965,
          -0.4689724,
          0,
          -0.0043706037,
          0.46897826,
          0.8831989,
          0,
          0.008526849,
          0.17067492,
          0.38709515,
          1
        ]
      },
      {
        "date" : 717501543.241376,
        "title" : "Untitled",
        "transform" : [
          0.9997246,
          5.3900467e-11,
          0.02346457,
          0,
          0.019057002,
          0.5834337,
          -0.8119371,
          0,
          -0.013690021,
          0.8121608,
          0.58327305,
          0,
          0.0040772907,
          0.3246851,
          0.2713084,
          1
        ]
      },
      {
        "date" : 717501539.329057,
        "title" : "Untitled",
        "transform" : [
          0.9997246,
          5.3900467e-11,
          0.02346457,
          0,
          0.019057002,
          0.5834337,
          -0.8119371,
          0,
          -0.013690019,
          0.8121607,
          0.583273,
          0,
          0.0020589859,
          0.16135478,
          0.13700767,
          1
        ]
      },
      {
        "date" : 717501533.788951,
        "title" : "Untitled",
        "transform" : [
          0.99999976,
          9.366879e-12,
          -0.00062344124,
          0,
          -0.00046894068,
          0.6589565,
          -0.7521808,
          0,
          0.0004108207,
          0.752181,
          0.65895635,
          0,
          0.0036245736,
          0.097805575,
          0.102853544,
          1
        ]
      }
    ],
    "7A75E6DD-65A9-453A-95A6-AB25ECAF64C0" : [
      {
        "date" : 711638953.618477,
        "title" : "Untitled",
        "transform" : [
          1,
          0,
          0,
          0,
          0,
          0.8660252,
          -0.5000003,
          0,
          0,
          0.5000003,
          0.8660252,
          0,
          0,
          13.019937,
          16.655392,
          1
        ]
      }
    ],
    "26F2AE47-05D0-433C-A0E3-FB623AAB8997" : [
      {
        "date" : 716918462.470045,
        "title" : "Untitled",
        "transform" : [
          0.12862858,
          -1.8921447e-09,
          -0.9916929,
          0,
          -0.38563696,
          0.92129374,
          -0.05001944,
          0,
          0.91364044,
          0.38886732,
          0.1185047,
          0,
          75.05884,
          52.690292,
          10.66292,
          1
        ]
      },
      {
        "date" : 716918333.209569,
        "title" : "Untitled",
        "transform" : [
          0.14197882,
          -1.1114663e-09,
          -0.9898697,
          0,
          -0.48477465,
          0.8718709,
          -0.06953216,
          0,
          0.8630385,
          0.48973587,
          0.123787254,
          0,
          68.58569,
          60.859505,
          10.766419,
          1
        ]
      },
      {
        "date" : 716918224.454435,
        "title" : "Untitled",
        "transform" : [
          0.03582066,
          -1.0876497e-09,
          -0.99935824,
          0,
          -0.48551387,
          0.87405574,
          -0.017402641,
          0,
          0.87349474,
          0.48582572,
          0.031309295,
          0,
          69.46014,
          60.544823,
          3.3268898,
          1
        ]
      },
      {
        "date" : 716918217.942202,
        "title" : "Untitled",
        "transform" : [
          0.039045587,
          -1.4943841e-09,
          -0.9992374,
          0,
          -0.32664785,
          0.94505996,
          -0.012763939,
          0,
          0.9443392,
          0.3268972,
          0.036900464,
          0,
          75.05399,
          47.76097,
          3.7727087,
          1
        ]
      },
      {
        "date" : 716917596.595264,
        "title" : "Untitled",
        "transform" : [
          -0.025944892,
          -1.5001473e-09,
          -0.99966335,
          0,
          -0.32276154,
          0.94644326,
          0.0083767865,
          0,
          0.9461246,
          0.32287028,
          -0.024555324,
          0,
          75.34316,
          47.440582,
          -1.1158416,
          1
        ]
      },
      {
        "date" : 716917594.974696,
        "title" : "Untitled",
        "transform" : [
          0.28395772,
          -1.499652e-09,
          -0.9588368,
          0,
          -0.2979716,
          0.95048726,
          -0.08824379,
          0,
          0.9113621,
          0.31076366,
          0.26989824,
          0,
          72.58162,
          46.475,
          22.370247,
          1
        ]
      },
      {
        "date" : 716916892.226203,
        "title" : "Untitled",
        "transform" : [
          0.4689342,
          -9.219292e-11,
          -0.8832331,
          0,
          -0.4823451,
          0.8377114,
          -0.25609115,
          0,
          0.73989445,
          0.5461131,
          0.39283162,
          0,
          53.77933,
          64.54289,
          29.50328,
          1
        ]
      },
      {
        "date" : 716916432.715944,
        "title" : "Untitled",
        "transform" : [
          0.7974721,
          9.315482e-11,
          -0.60335577,
          0,
          -0.25500953,
          0.906292,
          -0.33705324,
          0,
          0.5468165,
          0.42265207,
          0.7227427,
          0,
          41.454407,
          55.258526,
          56.182503,
          1
        ]
      },
      {
        "date" : 716916397.549046,
        "title" : "Untitled",
        "transform" : [
          1,
          0,
          0,
          0,
          0,
          0.86493134,
          -0.50189024,
          0,
          0,
          0.50189024,
          0.86493134,
          0,
          -0.8393011,
          61.27192,
          64.602585,
          1
        ]
      },
      {
        "date" : 716916386.598755,
        "title" : "Untitled",
        "transform" : [
          1,
          0,
          0,
          0,
          0,
          0.8649313,
          -0.50189024,
          0,
          0,
          0.50189024,
          0.8649313,
          0,
          -0.8393011,
          128.96768,
          178.74423,
          1
        ]
      }
    ],
    "036D6F49-DE5A-4AE2-9B5D-F0C100FF3993" : [
      {
        "date" : 716983374.350357,
        "title" : "Untitled",
        "transform" : [
          1,
          0,
          0,
          0,
          0,
          0.86602545,
          -0.49999988,
          0,
          0,
          0.49999988,
          0.86602545,
          0,
          0,
          1.3457851,
          2.3309639,
          1
        ]
      },
      {
        "date" : 716983360.483946,
        "title" : "Untitled",
        "transform" : [
          1,
          0,
          0,
          0,
          0,
          0.86602545,
          -0.49999988,
          0,
          0,
          0.49999988,
          0.86602545,
          0,
          0,
          0.498916,
          0.86414796,
          1
        ]
      },
      {
        "date" : 716983306.445308,
        "title" : "Untitled",
        "transform" : [
          1,
          0,
          0,
          0,
          0,
          0.86602545,
          -0.49999988,
          0,
          0,
          0.49999988,
          0.86602545,
          0,
          0,
          0.23566224,
          0.40817901,
          1
        ]
      }
    ],
    "55D4D4B9-89E3-47D8-9B16-C0A520BB38A8" : [
      {
        "date" : 717502267.119884,
        "title" : "Untitled",
        "transform" : [
          0.99191827,
          8.4210594e-10,
          0.12687871,
          0,
          0.07702696,
          0.79463226,
          -0.60218495,
          0,
          -0.10082175,
          0.60709137,
          0.78821003,
          0,
          -0.04780387,
          0.45037907,
          0.56293166,
          1
        ]
      },
      {
        "date" : 717502260.027944,
        "title" : "Untitled",
        "transform" : [
          1,
          0,
          0,
          0,
          0,
          0.7071069,
          -0.70710677,
          0,
          0,
          0.70710677,
          0.7071069,
          0,
          0.0018558182,
          0.5262583,
          0.5001747,
          1
        ]
      },
      {
        "date" : 717002556.175033,
        "title" : "Untitled",
        "transform" : [
          0.2023772,
          -6.0314996e-08,
          0.97930765,
          0,
          0.68747675,
          0.7121742,
          -0.14206932,
          0,
          -0.6974375,
          0.7020028,
          0.14412785,
          0,
          -0.32287896,
          0.26363683,
          0.0430552,
          1
        ]
      },
      {
        "date" : 716989632.275812,
        "title" : "Untitled",
        "transform" : [
          0.20237708,
          -1.1743857e-08,
          0.97930765,
          0,
          0.6874769,
          0.7121742,
          -0.1420693,
          0,
          -0.6974376,
          0.7020029,
          0.14412776,
          0,
          -0.5206056,
          0.4188924,
          0.03782266,
          1
        ]
      },
      {
        "date" : 716989526.057606,
        "title" : "Untitled",
        "transform" : [
          0.3814198,
          -1.7387503e-08,
          0.92440206,
          0,
          0.40389007,
          0.89950025,
          -0.16665006,
          0,
          -0.83149976,
          0.43692037,
          0.34308717,
          0,
          -0.6032479,
          0.23107998,
          0.17500183,
          1
        ]
      },
      {
        "date" : 716989522.891101,
        "title" : "Untitled",
        "transform" : [
          0.38534218,
          -1.507172e-08,
          0.9227738,
          0,
          0.65152,
          0.7081668,
          -0.27206898,
          0,
          -0.6534777,
          0.7060452,
          0.2728865,
          0,
          -0.32548285,
          0.2736988,
          0.087881505,
          1
        ]
      },
      {
        "date" : 716986820.817571,
        "title" : "Untitled",
        "transform" : [
          0.38534218,
          1.47306025e-08,
          0.9227738,
          0,
          0.65151995,
          0.70816684,
          -0.272069,
          0,
          -0.6534777,
          0.7060452,
          0.2728865,
          0,
          -3.7910426,
          3.6361551,
          1.0813445,
          1
        ]
      },
      {
        "date" : 716986732.07852,
        "title" : "Untitled",
        "transform" : [
          0.38534227,
          -5.8017298e-09,
          0.9227737,
          0,
          0.6515199,
          0.70816684,
          -0.27206907,
          0,
          -0.65347767,
          0.70604515,
          0.27288663,
          0,
          -0.26489493,
          0.19341806,
          0.08918337,
          1
        ]
      },
      {
        "date" : 716986635.252848,
        "title" : "Untitled",
        "transform" : [
          0.26623297,
          -1.1767796e-09,
          0.96390873,
          0,
          0.5141107,
          0.84588814,
          -0.14199813,
          0,
          -0.81535894,
          0.53336036,
          0.22520334,
          0,
          -0.30838013,
          0.12749481,
          0.064655304,
          1
        ]
      },
      {
        "date" : 716986625.380193,
        "title" : "Untitled",
        "transform" : [
          0.26623303,
          -2.4588436e-08,
          0.96390873,
          0,
          0.51411074,
          0.8458881,
          -0.14199814,
          0,
          -0.8153588,
          0.5333604,
          0.22520338,
          0,
          -277.77478,
          101.07828,
          58.932835,
          1
        ]
      }
    ],
    "88C5B37B-537F-4D91-9349-4C08E80FD7F0" : [
      {
        "date" : 711647412.500069,
        "title" : "Untitled",
        "transform" : [
          1,
          0,
          0,
          0,
          0,
          0.8660254,
          -0.5,
          0,
          0,
          0.5,
          0.8660254,
          0,
          0,
          0.27093476,
          0.4692728,
          1
        ]
      }
    ],
    "522C95E9-EE39-48AB-9804-591167825C6F" : [
      {
        "date" : 717505725.145431,
        "title" : "Untitled",
        "transform" : [
          0.99999994,
          0,
          -0,
          0,
          -0,
          0.8660254,
          -0.49999988,
          0,
          0,
          0.49999988,
          0.8660254,
          0,
          0,
          0.22903623,
          0.39670244,
          1
        ]
      }
    ],
    "5483EF9B-AF5C-453E-B313-C2BA2BCFB91D" : [
      {
        "date" : 716994399.468853,
        "title" : "Untitled",
        "transform" : [
          0.9977664,
          6.588508e-09,
          -0.06679962,
          0,
          -0.020151021,
          0.95341444,
          -0.3009898,
          0,
          0.06368773,
          0.30166367,
          0.9512849,
          0,
          0.04153431,
          0.47134185,
          0.64130163,
          1
        ]
      },
      {
        "date" : 716994395.119045,
        "title" : "Untitled",
        "transform" : [
          0.9968379,
          7.1132913e-09,
          -0.07946141,
          0,
          -0.05413669,
          0.7320087,
          -0.679141,
          0,
          0.05816644,
          0.68129534,
          0.729694,
          0,
          0.036998183,
          0.7249179,
          0.4817227,
          1
        ]
      },
      {
        "date" : 716994393.033912,
        "title" : "Untitled",
        "transform" : [
          0.996838,
          7.0148634e-09,
          -0.07946142,
          0,
          -0.0541367,
          0.7320087,
          -0.679141,
          0,
          0.058166444,
          0.6812953,
          0.729694,
          0,
          -0.47289285,
          1.0717076,
          1.3871729,
          1
        ]
      },
      {
        "date" : 716903948.928629,
        "title" : "Untitled",
        "transform" : [
          0.99424875,
          7.000462e-09,
          -0.10709561,
          0,
          -0.044504203,
          0.9095677,
          -0.41316578,
          0,
          0.0974107,
          0.41555575,
          0.9043365,
          0,
          -0.40536004,
          0.59256756,
          1.6676272,
          1
        ]
      },
      {
        "date" : 716903860.43811,
        "title" : "Untitled",
        "transform" : [
          0.99424875,
          7.000462e-09,
          -0.10709561,
          0,
          -0.044504203,
          0.9095677,
          -0.41316578,
          0,
          0.0974107,
          0.41555575,
          0.9043365,
          0,
          -0.56887865,
          0.011360038,
          -0.11678395,
          1
        ]
      },
      {
        "date" : 716903842.864544,
        "title" : "Untitled",
        "transform" : [
          0.99424875,
          7.000462e-09,
          -0.10709561,
          0,
          -0.044504203,
          0.9095677,
          -0.41316578,
          0,
          0.0974107,
          0.41555575,
          0.9043365,
          0,
          -0.570911,
          0.0026894254,
          -0.13565305,
          1
        ]
      },
      {
        "date" : 716903840.910461,
        "title" : "Untitled",
        "transform" : [
          0.99424875,
          5.719489e-09,
          -0.107095614,
          0,
          -0.044504207,
          0.9095677,
          -0.4131658,
          0,
          0.09741071,
          0.41555578,
          0.9043365,
          0,
          -0.5699337,
          0.007530307,
          -0.12520535,
          1
        ]
      },
      {
        "date" : 716903837.156963,
        "title" : "Untitled",
        "transform" : [
          0.99424875,
          5.719489e-09,
          -0.107095614,
          0,
          -0.044504207,
          0.9095677,
          -0.4131658,
          0,
          0.09741071,
          0.41555578,
          0.9043365,
          0,
          -0.57091093,
          0.0026894286,
          -0.13565305,
          1
        ]
      },
      {
        "date" : 716903795.172336,
        "title" : "Untitled",
        "transform" : [
          0.99424875,
          4.438516e-09,
          -0.10709562,
          0,
          -0.044504214,
          0.9095677,
          -0.41316584,
          0,
          0.097410716,
          0.4155558,
          0.9043365,
          0,
          -0.5504928,
          0.0995184,
          0.07436352,
          1
        ]
      },
      {
        "date" : 716903794.043241,
        "title" : "Untitled",
        "transform" : [
          0.99424875,
          4.438516e-09,
          -0.10709562,
          0,
          -0.044504214,
          0.9095677,
          -0.41316584,
          0,
          0.097410716,
          0.4155558,
          0.9043365,
          0,
          -0.54874146,
          0.10793993,
          0.09242808,
          1
        ]
      }
    ],
    "35842A5D-B9DD-4A8B-8DDA-1EE6A0314094" : [
      {
        "date" : 715518572.826395,
        "title" : "Untitled",
        "transform" : [
          1,
          0,
          0,
          0,
          0,
          0.86602545,
          -0.49999988,
          0,
          0,
          0.49999988,
          0.86602545,
          0,
          0,
          0.21784832,
          0.3773244,
          1
        ]
      }
    ],
    "86157EF1-48F0-43B3-82F7-23C36FDE8EFC" : [
      {
        "date" : 711553714.457852,
        "title" : "Untitled",
        "transform" : [
          1,
          0,
          0,
          0,
          0,
          0.86602545,
          -0.49999994,
          0,
          0,
          0.49999994,
          0.86602545,
          0,
          0,
          0.27093506,
          0.46927333,
          1
        ]
      }
    ],
    "A85873F1-1EF5-49C7-835D-73347192CCCA" : [
      {
        "date" : 717506395.565273,
        "title" : "Untitled",
        "transform" : [
          0.99993616,
          2.3056077e-09,
          -0.011303866,
          0,
          -0.0043474897,
          0.9230824,
          -0.3845777,
          0,
          0.010434444,
          0.38460222,
          0.9230234,
          0,
          0.023449315,
          1.126046,
          1.781181,
          1
        ]
      },
      {
        "date" : 717506391.524162,
        "title" : "Untitled",
        "transform" : [
          0.9990749,
          2.172293e-09,
          -0.04300603,
          0,
          0.003174865,
          0.9972714,
          0.07375536,
          0,
          0.042888727,
          -0.073823735,
          0.99634874,
          0,
          0.08615046,
          0.24097596,
          1.9243156,
          1
        ]
      },
      {
        "date" : 717506381.814911,
        "title" : "Untitled",
        "transform" : [
          0.993829,
          2.1269118e-09,
          -0.11092322,
          0,
          0.0067131505,
          0.99816704,
          0.060147196,
          0,
          0.11071994,
          -0.060520742,
          0.99200726,
          0,
          0.21691528,
          0.26665673,
          1.9136038,
          1
        ]
      },
      {
        "date" : 717506375.782833,
        "title" : "Untitled",
        "transform" : [
          0.99825317,
          1.9181408e-09,
          -0.05908178,
          0,
          -0.011547684,
          0.9807132,
          -0.19511114,
          0,
          0.057942342,
          0.19545251,
          0.9790001,
          0,
          0.11309539,
          0.7561381,
          1.8547893,
          1
        ]
      },
      {
        "date" : 717505702.842535,
        "title" : "Untitled",
        "transform" : [
          0.9981622,
          4.5362127e-09,
          -0.0605989,
          0,
          -0.031147292,
          0.8577956,
          -0.51304644,
          0,
          0.05198153,
          0.513991,
          0.8562192,
          0,
          0.100051515,
          1.3546958,
          1.5933305,
          1
        ]
      },
      {
        "date" : 717504060.153999,
        "title" : "Untitled",
        "transform" : [
          0.999107,
          3.0417786e-09,
          -0.042250995,
          0,
          -0.010376043,
          0.96937597,
          -0.24536178,
          0,
          0.040957168,
          0.245581,
          0.96851045,
          0,
          0.08437418,
          0.83833283,
          1.9167659,
          1
        ]
      },
      {
        "date" : 717504056.774435,
        "title" : "Untitled",
        "transform" : [
          0.91001993,
          3.015412e-09,
          -0.41456443,
          0,
          -0.117662944,
          0.9588766,
          -0.25828463,
          0,
          0.39751625,
          0.28382295,
          0.8725969,
          0,
          0.7902476,
          0.9140443,
          1.7266978,
          1
        ]
      },
      {
        "date" : 717504049.634049,
        "title" : "Untitled",
        "transform" : [
          0.99829894,
          1.1857915e-10,
          -0.05830217,
          0,
          0.0056982716,
          0.9952124,
          0.09757061,
          0,
          0.058023028,
          -0.09773696,
          0.9935195,
          0,
          0.11760059,
          0.16047071,
          1.9568233,
          1
        ]
      },
      {
        "date" : 717504037.139586,
        "title" : "Untitled",
        "transform" : [
          0.9998916,
          -3.8377201e-10,
          0.01472587,
          0,
          0.0017503825,
          0.99291056,
          -0.11885156,
          0,
          -0.014621485,
          0.11886434,
          0.9928029,
          0,
          -0.025637029,
          0.58823085,
          1.9657755,
          1
        ]
      },
      {
        "date" : 717504009.857165,
        "title" : "Untitled",
        "transform" : [
          0.9997111,
          -8.3339224e-11,
          0.024036277,
          0,
          0.012079411,
          0.8645486,
          -0.502404,
          0,
          -0.020780545,
          0.5025491,
          0.86429894,
          0,
          -0.11157899,
          2.7914567,
          4.7888937,
          1
        ]
      }
    ],
    "A7034894-6C7F-449B-8C26-8A21CBEC8961" : [
      {
        "date" : 717430419.461784,
        "title" : "Untitled",
        "transform" : [
          0.83419317,
          -1.0258949e-10,
          -0.55147225,
          0,
          -0.094372064,
          0.9852488,
          -0.14275338,
          0,
          0.54333746,
          0.17112753,
          0.8218879,
          0,
          1.3286095,
          0.2580678,
          1.400414,
          1
        ]
      },
      {
        "date" : 717430325.692983,
        "title" : "Untitled",
        "transform" : [
          0.91525507,
          -1.0430403e-09,
          -0.4028747,
          0,
          -0.13464485,
          0.9424985,
          -0.3058876,
          0,
          0.37970886,
          0.33421025,
          0.8626266,
          0,
          0.97625536,
          0.7220901,
          1.7238778,
          1
        ]
      },
      {
        "date" : 717429820.767587,
        "title" : "Untitled",
        "transform" : [
          0.9132265,
          7.0064266e-10,
          -0.40745232,
          0,
          -0.09913342,
          0.9699509,
          -0.2221886,
          0,
          0.39520875,
          0.24330066,
          0.88578486,
          0,
          1.0091634,
          0.5318569,
          1.7734046,
          1
        ]
      },
      {
        "date" : 717429677.240228,
        "title" : "Untitled",
        "transform" : [
          0.99941516,
          1.6225776e-10,
          -0.034194287,
          0,
          -0.01589044,
          0.8854627,
          -0.4644387,
          0,
          0.030277759,
          0.46471044,
          0.88494486,
          0,
          0.06430813,
          1.5808507,
          1.3917739,
          1
        ]
      },
      {
        "date" : 717429521.729856,
        "title" : "Untitled",
        "transform" : [
          0.99941516,
          1.6225776e-10,
          -0.034194287,
          0,
          -0.01589044,
          0.8854627,
          -0.4644387,
          0,
          0.030277759,
          0.46471044,
          0.88494486,
          0,
          0.049175464,
          1.6609352,
          1.3502373,
          1
        ]
      },
      {
        "date" : 717429494.612876,
        "title" : "Untitled",
        "transform" : [
          0.99937433,
          1.6225776e-10,
          -0.035368502,
          0,
          -0.01643611,
          0.8854627,
          -0.46441972,
          0,
          0.031317484,
          0.46471044,
          0.8849087,
          0,
          0.17027259,
          3.4027138,
          4.666832,
          1
        ]
      },
      {
        "date" : 717429436.790404,
        "title" : "Untitled",
        "transform" : [
          0.9999484,
          1.6315857e-11,
          -0.010163247,
          0,
          -0.005286217,
          0.85408664,
          -0.52010393,
          0,
          0.008680292,
          0.52013075,
          0.8540425,
          0,
          0.050271098,
          3.6930707,
          4.443588,
          1
        ]
      },
      {
        "date" : 717429433.331918,
        "title" : "Untitled",
        "transform" : [
          1,
          0,
          -0,
          0,
          -0,
          0.86339784,
          -0.5045237,
          0,
          0,
          0.5045237,
          0.86339784,
          0,
          0,
          3.6026895,
          4.4971256,
          1
        ]
      }
    ],
    "AF09ED6F-1707-48FD-8720-65B998362C09" : [
      {
        "date" : 711538707.089638,
        "title" : "Untitled",
        "transform" : [
          0.99999654,
          -2.4724475e-10,
          -0.0026000713,
          0,
          -0.0018776645,
          0.6917259,
          -0.72215784,
          0,
          0.0017985206,
          0.7221602,
          0.6917235,
          0,
          -0.0648748,
          2.8256497,
          -0.06415212,
          1
        ]
      },
      {
        "date" : 711538698.749026,
        "title" : "Untitled",
        "transform" : [
          0.99895704,
          -2.4946553e-10,
          0.045659397,
          0,
          0.030262606,
          0.7488052,
          -0.662099,
          0,
          -0.03419001,
          0.6627902,
          0.7480243,
          0,
          -0.1394291,
          2.702908,
          0.059276104,
          1
        ]
      }
    ],
    "CC0E8310-7634-4706-A6B4-96581BD8D838" : [
      {
        "date" : 716994588.365622,
        "title" : "Untitled",
        "transform" : [
          0,
          0,
          0,
          0,
          0,
          0,
          0,
          0,
          0,
          0,
          0,
          0,
          0,
          0,
          0,
          1
        ]
      },
      {
        "date" : 716994586.87638,
        "title" : "Untitled",
        "transform" : [
          0,
          0,
          0,
          0,
          0,
          0,
          0,
          0,
          0,
          0,
          0,
          0,
          0,
          0,
          0,
          1
        ]
      },
      {
        "date" : 716994583.748389,
        "title" : "Untitled",
        "transform" : [
          0,
          0,
          0,
          0,
          0,
          0,
          0,
          0,
          0,
          0,
          0,
          0,
          0,
          0,
          0,
          1
        ]
      },
      {
        "date" : 716994539.662754,
        "title" : "Untitled",
        "transform" : [
          0,
          0,
          0,
          0,
          0,
          0,
          0,
          0,
          0,
          0,
          0,
          0,
          0,
          0,
          0,
          0
        ]
      },
      {
        "date" : 716994506.191265,
        "title" : "Untitled",
        "transform" : [
          0,
          0,
          0,
          0,
          0,
          0,
          0,
          0,
          0,
          0,
          0,
          0,
          0,
          0,
          0,
          0
        ]
      },
      {
        "date" : 716994490.839812,
        "title" : "Untitled",
        "transform" : [
          0,
          0,
          0,
          0,
          0,
          0,
          0,
          0,
          0,
          0,
          0,
          0,
          0,
          0,
          0,
          0
        ]
      },
      {
        "date" : 716994480.205604,
        "title" : "Untitled",
        "transform" : [
          0,
          0,
          0,
          0,
          0,
          0,
          0,
          0,
          0,
          0,
          0,
          0,
          0,
          0,
          0,
          0
        ]
      },
      {
        "date" : 716994477.55584,
        "title" : "Untitled",
        "transform" : [
          0,
          0,
          0,
          0,
          0,
          0,
          0,
          0,
          0,
          0,
          0,
          0,
          0,
          0,
          0,
          1
        ]
      },
      {
        "date" : 716994470.345837,
        "title" : "Untitled",
        "transform" : [
          0,
          0,
          0,
          0,
          0,
          0,
          0,
          0,
          0,
          0,
          0,
          0,
          0,
          0,
          0,
          0
        ]
      },
      {
        "date" : 716994466.696523,
        "title" : "Untitled",
        "transform" : [
          0,
          0,
          0,
          0,
          0,
          0,
          0,
          0,
          0,
          0,
          0,
          0,
          0,
          0,
          0,
          0
        ]
      }
    ],
    "D560BB77-AAF3-4BDE-B7C4-989332A4688B" : [
      {
        "date" : 711555249.357029,
        "title" : "Untitled",
        "transform" : [
          -0.25002414,
          0,
          -0.9682396,
          0,
          -0.4841199,
          0.8660253,
          0.12501213,
          0,
          0.83851993,
          0.5000001,
          -0.21652722,
          0,
          15.9972725,
          8.987674,
          -3.5686207,
          1
        ]
      },
      {
        "date" : 711555243.555582,
        "title" : "Untitled",
        "transform" : [
          -0.25002414,
          0,
          -0.9682396,
          0,
          -0.4841199,
          0.8660253,
          0.12501213,
          0,
          0.83851993,
          0.5000001,
          -0.21652722,
          0,
          6.9547653,
          4.474476,
          -1.5514469,
          1
        ]
      },
      {
        "date" : 711555231.227144,
        "title" : "Untitled",
        "transform" : [
          -0.25002414,
          0,
          -0.9682396,
          0,
          -0.4841199,
          0.8660253,
          0.12501213,
          0,
          0.83851993,
          0.5000001,
          -0.21652722,
          0,
          236.96735,
          119.27591,
          -52.861916,
          1
        ]
      },
      {
        "date" : 711555220.991529,
        "title" : "Untitled",
        "transform" : [
          -0.25002414,
          0,
          -0.9682396,
          0,
          -0.4841199,
          0.8660253,
          0.12501213,
          0,
          0.83851993,
          0.5000001,
          -0.21652722,
          0,
          38.605804,
          20.271805,
          -8.61206,
          1
        ]
      },
      {
        "date" : 711553562.392236,
        "title" : "Untitled",
        "transform" : [
          -0.25002414,
          0,
          -0.9682396,
          0,
          -0.4841199,
          0.8660253,
          0.12501213,
          0,
          0.83851993,
          0.5000001,
          -0.21652722,
          0,
          3.3698802,
          2.685227,
          -0.7517421,
          1
        ]
      },
      {
        "date" : 711553554.459657,
        "title" : "Untitled",
        "transform" : [
          0.99962664,
          0,
          -0.027325088,
          0,
          -0.013662548,
          0.8660253,
          -0.49981344,
          0,
          0.02366422,
          0.5000001,
          0.8657019,
          0,
          -0.025230622,
          3.088777,
          4.2810497,
          1
        ]
      },
      {
        "date" : 711553493.04041,
        "title" : "Untitled",
        "transform" : [
          0.99962664,
          0,
          -0.027325088,
          0,
          -0.013662548,
          0.8660253,
          -0.49981344,
          0,
          0.02366422,
          0.5000001,
          0.8657019,
          0,
          -0.020915668,
          2.7321157,
          3.5489028,
          1
        ]
      },
      {
        "date" : 711553488.818696,
        "title" : "Untitled",
        "transform" : [
          0.9999449,
          0,
          -0.010497853,
          0,
          -0.005248928,
          0.8660253,
          -0.49997258,
          0,
          0.009091407,
          0.5000001,
          0.8659776,
          0,
          -0.02896242,
          1.6242129,
          1.2743143,
          1
        ]
      },
      {
        "date" : 711553486.498392,
        "title" : "Untitled",
        "transform" : [
          0.9999449,
          0,
          -0.010497853,
          0,
          -0.005248928,
          0.8660253,
          -0.49997258,
          0,
          0.009091407,
          0.5000001,
          0.8659776,
          0,
          -0.07868259,
          2.690162,
          3.4619462,
          1
        ]
      },
      {
        "date" : 711553461.447531,
        "title" : "Untitled",
        "transform" : [
          0.9999449,
          0,
          -0.010497853,
          0,
          -0.005248928,
          0.8660253,
          -0.49997258,
          0,
          0.009091407,
          0.5000001,
          0.8659776,
          0,
          0.14822291,
          2.0426052,
          3.2693884,
          1
        ]
      }
    ],
    "E1FA2DAC-E5FC-4610-B6FD-9C2E94E555AA" : [
      {
        "date" : 711643345.347941,
        "title" : "Untitled",
        "transform" : [
          0.99792737,
          2.679405e-09,
          0.06435168,
          0,
          0.062876455,
          0.21289201,
          -0.9750505,
          0,
          -0.013699962,
          0.9770757,
          0.21245076,
          0,
          -0.48113248,
          36.390232,
          7.4611125,
          1
        ]
      },
      {
        "date" : 711643311.827385,
        "title" : "Untitled",
        "transform" : [
          1,
          0,
          0,
          0,
          0,
          0.86633074,
          -0.49947077,
          0,
          0,
          0.49947077,
          0.86633074,
          0,
          0,
          19.584003,
          30.499691,
          1
        ]
      }
    ],
    "E61F53E1-0783-4FA5-BC4E-86C98F417CAA" : [
      {
        "date" : 713193133.93856,
        "title" : "Untitled",
        "transform" : [
          1,
          0,
          0,
          0,
          0,
          0.86602545,
          -0.49999988,
          0,
          0,
          0.49999988,
          0.86602545,
          0,
          0,
          0.19880329,
          0.34433743,
          1
        ]
      }
    ],
    "E38957ED-D601-4FD7-9ECB-0F6A06F77D2C" : [
      {
        "date" : 717506675.438067,
        "title" : "Untitled",
        "transform" : [
          0.9969287,
          -4.0756114e-09,
          0.078314535,
          0,
          0.040024597,
          0.8595362,
          -0.5095053,
          0,
          -0.067314155,
          0.5110749,
          0.85689634,
          0,
          -0.060897738,
          3.269468,
          1.1912627,
          1
        ]
      },
      {
        "date" : 717506658.037052,
        "title" : "Untitled",
        "transform" : [
          0.9998851,
          -2.7761718e-10,
