{
  "advancedEditorSelectedIdentifier" : "ProjectBrowser",
  "openSceneRelativePaths" : [
    "Store.usda",
    "Materials.usda",
    "Bottle.usda"
  ],
  "recentIdentifiers" : {
    "AF09ED6F-1707-48FD-8720-65B998362C09" : [

    ],
    "D560BB77-AAF3-4BDE-B7C4-989332A4688B" : [

    ],
    "E38957ED-D601-4FD7-9ECB-0F6A06F77D2C" : [

    ]
  },
  "sceneCameraHistory" : {
    "7A75E6DD-65A9-453A-95A6-AB25ECAF64C0" : [
      {
        "date" : 711638953.61847699,
        "title" : "Untitled",
        "transform" : [
          1,
          0,
          -0,
          0,
          -0,
          0.86602520942687988,
          -0.50000029802322388,
          0,
          0,
          0.50000029802322388,
          0.86602520942687988,
          0,
          0,
          13.019936561584473,
          16.655391693115234,
          1
        ]
      }
    ],
    "88C5B37B-537F-4D91-9349-4C08E80FD7F0" : [
      {
        "date" : 711647412.50006902,
        "title" : "Untitled",
        "transform" : [
          1,
          0,
          -0,
          0,
          -0,
          0.86602538824081421,
          -0.5,
          0,
          0,
          0.5,
          0.86602538824081421,
          0,
          0,
          0.27093476057052612,
          0.46927279233932495,
          1
        ]
      }
    ],
    "5483EF9B-AF5C-453E-B313-C2BA2BCFB91D" : [
      {
        "date" : 711888399.59389305,
        "title" : "Untitled",
        "transform" : [
          0.99522089958190918,
          -3.8690064485535913e-09,
          0.097648918628692627,
          0,
          -0.097589485347270966,
          0.034899640828371048,
          0.99461472034454346,
          0,
          -0.0034079449251294136,
          -0.99939090013504028,
          0.034732792526483536,
          0,
          -0.25911697745323181,
          -3.5807356834411621,
          0.065207958221435547,
          1
        ]
      },
      {
        "date" : 711888398.09240997,
        "title" : "Untitled",
        "transform" : [
          0.99522101879119873,
          -3.869007336732011e-09,
          0.097648933529853821,
          0,
          -0.097589485347270966,
          0.034899581223726273,
          0.99461472034454346,
          0,
          -0.0034079391043633223,
          -0.99939090013504028,
          0.03473273292183876,
          0,
          -0.58982294797897339,
          -3.5410113334655762,
          1.1757771968841553,
          1
        ]
      },
      {
        "date" : 711888394.32461703,
        "title" : "Untitled",
        "transform" : [
          0.99948352575302124,
          1.6241659128723995e-09,
          -0.032137874513864517,
          0,
          -0.021026605740189552,
          0.75626838207244873,
          -0.65392357110977173,
          0,
          0.024304818361997604,
          0.65426152944564819,
          0.7558777928352356,
          0,
          -0.40809532999992371,
          3.1778559684753418,
          2.0009477138519287,
          1
        ]
      },
      {
        "date" : 711888391.10034096,
        "title" : "Untitled",
        "transform" : [
          0.99847704172134399,
          -5.7547442505745394e-11,
          0.055169962346553802,
          0,
          -0.055136382579803467,
          0.03489958867430687,
          0.99786871671676636,
          0,
          -0.0019254445796832442,
          -0.99939090013504028,
          0.034846361726522446,
          0,
          -0.53920656442642212,
          -3.5410103797912598,
          1.1998326778411865,
          1
        ]
      },
      {
        "date" : 711888340.51029503,
        "title" : "Untitled",
        "transform" : [
          0.9910358190536499,
          8.6519047481914413e-10,
          0.13359729945659637,
          0,
          -0.12443047016859055,
          0.36403700709342957,
          0.92303520441055298,
          0,
          -0.048634391278028488,
          -0.93138456344604492,
          0.36077362298965454,
          0,
          -19.118736267089844,
          -359.23358154296875,
          142.17318725585938,
          1
        ]
      },
      {
        "date" : 711888334.56102097,
        "title" : "Untitled",
        "transform" : [
          1,
          0,
          -0,
          0,
          -0,
          0.86926364898681641,
          -0.49434870481491089,
          0,
          0,
          0.49434870481491089,
          0.86926364898681641,
          0,
          0,
          193.34031677246094,
          335.23382568359375,
          1
        ]
      }
    ],
    "86157EF1-48F0-43B3-82F7-23C36FDE8EFC" : [
      {
        "date" : 711553714.45785201,
        "title" : "Untitled",
        "transform" : [
          1,
          0,
          -0,
          0,
          -0,
          0.86602544784545898,
          -0.49999994039535522,
          0,
          0,
          0.49999994039535522,
          0.86602544784545898,
          0,
          0,
          0.27093505859375,
          0.46927332878112793,
          1
        ]
      }
    ],
    "AF09ED6F-1707-48FD-8720-65B998362C09" : [
      {
        "date" : 711538707.08963799,
        "title" : "Untitled",
        "transform" : [
          0.99999654293060303,
          -2.4724475244930488e-10,
          -0.0026000712532550097,
          0,
          -0.001877664471976459,
          0.69172590970993042,
          -0.72215783596038818,
          0,
          0.0017985205631703138,
          0.7221602201461792,
          0.6917235255241394,
          0,
          -0.064874798059463501,
          2.8256497383117676,
          -0.064152121543884277,
          1
        ]
      },
      {
        "date" : 711538698.74902594,
        "title" : "Untitled",
        "transform" : [
          0.99895703792572021,
          -2.4946553156546258e-10,
          0.045659396797418594,
          0,
          0.030262606218457222,
          0.74880522489547729,
          -0.66209900379180908,
          0,
          -0.034190010279417038,
          0.66279017925262451,
          0.74802428483963013,
          0,
          -0.13942910730838776,
          2.7029080390930176,
          0.059276103973388672,
          1
        ]
      }
    ],
    "D560BB77-AAF3-4BDE-B7C4-989332A4688B" : [
      {
        "date" : 711555249.35702896,
        "title" : "Untitled",
        "transform" : [
          -0.25002413988113403,
          0,
          -0.96823960542678833,
          0,
          -0.48411989212036133,
          0.86602532863616943,
          0.12501212954521179,
          0,
          0.83851993083953857,
          0.50000011920928955,
          -0.21652722358703613,
          0,
          15.997272491455078,
          8.9876737594604492,
          -3.5686206817626953,
          1
        ]
      },
      {
        "date" : 711555243.55558205,
        "title" : "Untitled",
        "transform" : [
          -0.25002413988113403,
          0,
          -0.96823960542678833,
          0,
          -0.48411989212036133,
          0.86602532863616943,
          0.12501212954521179,
          0,
          0.83851993083953857,
          0.50000011920928955,
          -0.21652722358703613,
          0,
          6.9547653198242188,
          4.4744758605957031,
          -1.5514469146728516,
          1
        ]
      },
      {
        "date" : 711555231.227144,
        "title" : "Untitled",
        "transform" : [
          -0.25002413988113403,
          0,
          -0.96823960542678833,
          0,
          -0.48411989212036133,
          0.86602532863616943,
          0.12501212954521179,
          0,
          0.83851993083953857,
          0.50000011920928955,
          -0.21652722358703613,
          0,
          236.96734619140625,
          119.27590942382812,
          -52.861915588378906,
          1
        ]
      },
      {
        "date" : 711555220.99152899,
        "title" : "Untitled",
        "transform" : [
          -0.25002413988113403,
          0,
          -0.96823960542678833,
          0,
          -0.48411989212036133,
          0.86602532863616943,
          0.12501212954521179,
          0,
          0.83851993083953857,
          0.50000011920928955,
          -0.21652722358703613,
          0,
          38.605804443359375,
          20.271804809570312,
          -8.6120595932006836,
          1
        ]
      },
      {
        "date" : 711553562.39223599,
        "title" : "Untitled",
        "transform" : [
          -0.25002413988113403,
          0,
          -0.96823960542678833,
          0,
          -0.48411989212036133,
          0.86602532863616943,
          0.12501212954521179,
          0,
          0.83851993083953857,
          0.50000011920928955,
          -0.21652722358703613,
          0,
          3.369880199432373,
          2.6852269172668457,
          -0.75174212455749512,
          1
        ]
      },
      {
        "date" : 711553554.45965695,
        "title" : "Untitled",
        "transform" : [
          0.99962663650512695,
          0,
          -0.027325088158249855,
          0,
          -0.013662547804415226,
          0.86602532863616943,
          -0.49981343746185303,
          0,
          0.023664219304919243,
          0.50000011920928955,
          0.86570191383361816,
          0,
          -0.025230621919035912,
          3.0887770652770996,
          4.2810497283935547,
          1
        ]
      },
      {
        "date" : 711553493.04041004,
        "title" : "Untitled",
        "transform" : [
          0.99962663650512695,
          0,
          -0.027325088158249855,
          0,
          -0.013662547804415226,
          0.86602532863616943,
          -0.49981343746185303,
          0,
          0.023664219304919243,
          0.50000011920928955,
          0.86570191383361816,
          0,
          -0.020915668457746506,
          2.7321157455444336,
          3.5489027500152588,
          1
        ]
      },
      {
        "date" : 711553488.81869602,
        "title" : "Untitled",
        "transform" : [
          0.99994492530822754,
          0,
          -0.01049785315990448,
          0,
          -0.0052489279769361019,
          0.86602532863616943,
          -0.49997258186340332,
          0,
          0.0090914070606231689,
          0.50000011920928955,
          0.86597758531570435,
          0,
          -0.028962420299649239,
          1.6242128610610962,
          1.274314284324646,
          1
        ]
      },
      {
        "date" : 711553486.49839199,
        "title" : "Untitled",
        "transform" : [
          0.99994492530822754,
          0,
          -0.01049785315990448,
          0,
          -0.0052489279769361019,
          0.86602532863616943,
          -0.49997258186340332,
          0,
          0.0090914070606231689,
          0.50000011920928955,
          0.86597758531570435,
          0,
          -0.078682586550712585,
          2.6901619434356689,
          3.4619462490081787,
          1
        ]
      },
      {
        "date" : 711553461.44753098,
        "title" : "Untitled",
        "transform" : [
          0.99994492530822754,
          0,
          -0.01049785315990448,
          0,
          -0.0052489279769361019,
          0.86602532863616943,
          -0.49997258186340332,
          0,
          0.0090914070606231689,
          0.50000011920928955,
          0.86597758531570435,
          0,
          0.1482229083776474,
          2.0426051616668701,
          3.2693884372711182,
          1
        ]
      }
    ],
    "E1FA2DAC-E5FC-4610-B6FD-9C2E94E555AA" : [
      {
        "date" : 711643345.34794104,
        "title" : "Untitled",
        "transform" : [
          0.99792736768722534,
          2.6794049201583903e-09,
          0.064351677894592285,
          0,
          0.06287645548582077,
          0.21289201080799103,
          -0.97505050897598267,
          0,
          -0.013699961826205254,
          0.97707569599151611,
          0.21245075762271881,
          0,
          -0.48113247752189636,
          36.390232086181641,
          7.4611124992370605,
          1
        ]
      },
      {
        "date" : 711643311.82738495,
        "title" : "Untitled",
        "transform" : [
          1,
          0,
          -0,
          0,
          -0,
          0.86633074283599854,
          -0.49947077035903931,
          0,
          0,
          0.49947077035903931,
          0.86633074283599854,
          0,
          0,
          19.584003448486328,
          30.499691009521484,
          1
        ]
      }
    ],
    "E38957ED-D601-4FD7-9ECB-0F6A06F77D2C" : [
      {
        "date" : 711897457.64394498,
        "title" : "Untitled",
        "transform" : [
          0.17891104519367218,
          -1.1683747302981828e-08,
          0.98386520147323608,
          0,
          0.77056187391281128,
          0.62177169322967529,
          -0.1401226818561554,
          0,
          -0.61173951625823975,
          0.78319859504699707,
          0.11124144494533539,
          0,
          -7.3602476119995117,
          11.565495491027832,
          0.39377927780151367,
          1
        ]
      },
      {
        "date" : 711897449.84357703,
        "title" : "Untitled",
        "transform" : [
          0.32425469160079956,
          -1.2810700056320456e-08,
          0.94596976041793823,
          0,
          0.58349436521530151,
          0.78710329532623291,
          -0.20000699162483215,
          0,
          -0.74457597732543945,
          0.6168212890625,
          0.25522154569625854,
          0,
          -8.7826080322265625,
          9.4603729248046875,
          2.1481490135192871,
          1
        ]
      },
      {
        "date" : 711897268.47086704,
        "title" : "Untitled",
        "transform" : [
          0.09924963116645813,
          -1.3674383403383672e-08,
          0.99506253004074097,
          0,
          0.6781960129737854,
          0.73176133632659912,
          -0.067644476890563965,
          0,
          -0.72814828157424927,
          0.6815611720085144,
          0.072626665234565735,
          0,
          -4.6902332305908203,
          6.6929807662963867,
          -0.014695129357278347,
          1
        ]
      },
      {
        "date" : 711888455.71862495,
        "title" : "Untitled",
        "transform" : [
          0.0029382056090980768,
          -1.3632601714164139e-08,
          0.9999956488609314,
          0,
          0.63470262289047241,
          0.77275413274765015,
          -0.0018646818352863193,
          0,
          -0.77275073528289795,
          0.63470542430877686,
          0.0022701281122863293,
          0,
          -5.0744442939758301,
          6.389686107635498,
          -0.46521881222724915,
          1
        ]
      },
      {
        "date" : 711888453.077209,
        "title" : "Untitled",
        "transform" : [
          0.37278845906257629,
          -1.3632601714164139e-08,
          0.92791634798049927,
          0,
          0.58895361423492432,
          0.77275413274765015,
          -0.23661066591739655,
          0,
          -0.71705132722854614,
          0.63470542430877686,
          0.28807348012924194,
          0,
          -4.8863568305969238,
          6.389686107635498,
          1.4456592798233032,
          1
        ]
      },
      {
        "date" : 711888320.47216296,
        "title" : "Untitled",
        "transform" : [
          0.89218783378601074,
          -1.3632601714164139e-08,
          0.45166456699371338,
          0,
          0.28667417168617249,
          0.77275413274765015,
          -0.56627637147903442,
          0,
          -0.34902602434158325,
          0.63470542430877686,
          0.68944168090820312,
          0,
          -5.079155445098877,
          8.06500244140625,
          6.1434407234191895,
          1
        ]
      },
      {
        "date" : 711885712.34107995,
        "title" : "Untitled",
        "transform" : [
          0.29535213112831116,
          -1.5023863042529229e-08,
          0.95538842678070068,
          0,
          0.52739602327346802,
          0.83382916450500488,
          -0.16304084658622742,
          0,
          -0.796630859375,
          0.55202251672744751,
          0.24627289175987244,
          0,
          -8.6989421844482422,
          7.2242069244384766,
          0.85040378570556641,
          1
        ]
      },
      {
        "date" : 711883629.87510598,
        "title" : "Untitled",
        "transform" : [
          0.99666446447372437,
          -1.4866575526184533e-08,
          0.081609174609184265,
          0,
          0.04697069525718689,
          0.81776350736618042,
          -0.57363444566726685,
          0,
          -0.066737353801727295,
          0.5755542516708374,
          0.81503576040267944,
          0,
          0.34825026988983154,
          7.4910597801208496,
          6.3407535552978516,
          1
        ]
      },
      {
        "date" : 711883627.36342394,
        "title" : "Untitled",
        "transform" : [
          0.99666446447372437,
          -1.4866575526184533e-08,
          0.081609174609184265,
          0,
          0.04697069525718689,
          0.81776350736618042,
          -0.57363444566726685,
          0,
          -0.066737353801727295,
          0.5755542516708374,
          0.81503576040267944,
          0,
          1.3889728784561157,
          7.4023456573486328,
          6.4886188507080078,
          1
        ]
      },
      {
        "date" : 711883512.34002399,
        "title" : "Untitled",
        "transform" : [
          0.99666446447372437,
          -1.4866575526184533e-08,
          0.081609174609184265,
          0,
          0.04697069525718689,
          0.81776350736618042,
          -0.57363444566726685,
          0,
          -0.066737353801727295,
          0.5755542516708374,
          0.81503576040267944,
          0,
          0.43519586324691772,
          7.121253490447998,
          6.6090202331542969,
          1
        ]
      }
    ]
  },
  "selectedSceneRelativePath" : "Store.usda"
}