{
  "advancedEditorSelectedIdentifier" : "ProjectBrowser",
  "openSceneRelativePaths" : [
    "Store.usda",
    "Materials.usda",
    "Bottle.usda"
  ],
  "recentIdentifiers" : {
    "88C5B37B-537F-4D91-9349-4C08E80FD7F0" : [

    ],
    "AF09ED6F-1707-48FD-8720-65B998362C09" : [

    ],
    "D560BB77-AAF3-4BDE-B7C4-989332A4688B" : [

    ],
    "E38957ED-D601-4FD7-9ECB-0F6A06F77D2C" : [

    ]
  },
  "sceneCameraHistory" : {
    "7A75E6DD-65A9-453A-95A6-AB25ECAF64C0" : [
      {
        "date" : 711638953.61847699,
        "title" : "Untitled",
        "transform" : [
          1,
          0,
          0,
          0,
          0,
          0.86602520942687988,
          -0.50000029802322388,
          0,
          0,
          0.50000029802322388,
          0.86602520942687988,
          0,
          0,
          13.019936561584473,
          16.655391693115234,
          1
        ]
      }
    ],
    "88C5B37B-537F-4D91-9349-4C08E80FD7F0" : [
      {
        "date" : 711647412.50006902,
        "title" : "Untitled",
        "transform" : [
          1,
          0,
          0,
          0,
          0,
          0.86602538824081421,
          -0.5,
          0,
          0,
          0.5,
          0.86602538824081421,
          0,
          0,
          0.27093476057052612,
          0.46927279233932495,
          1
        ]
      }
    ],
    "5483EF9B-AF5C-453E-B313-C2BA2BCFB91D" : [
      {
        "date" : 712582172.09862101,
        "title" : "Untitled",
        "transform" : [
          0.982158362865448,
          -8.2128206457809938e-09,
          -0.18805570900440216,
          0,
          0.14059565961360931,
          0.66411769390106201,
          0.73428916931152344,
          0,
          0.12489105761051178,
          -0.74762815237045288,
          0.65226864814758301,
          0,
          0.1746675968170166,
          -2.4142961502075195,
          2.1077418327331543,
          1
        ]
      },
      {
        "date" : 712578769.17132795,
        "title" : "Untitled",
        "transform" : [
          0.99903374910354614,
          -6.8074723635902501e-09,
          -0.043949156999588013,
          0,
          0.043922301381826401,
          0.034899670630693436,
          0.99842524528503418,
          0,
          0.0015337653458118439,
          -0.99939084053039551,
          0.034865856170654297,
          0,
          -0.22106090188026428,
          -3.2007601261138916,
          0.090430125594139099,
          1
        ]
      },
      {
        "date" : 711966661.35703695,
        "title" : "Untitled",
        "transform" : [
          0.99832808971405029,
          -6.8074723635902501e-09,
          -0.057801321148872375,
          0,
          0.057766031473875046,
          0.03489961102604866,
          0.99772000312805176,
          0,
          0.0020171962678432465,
          -0.99939072132110596,
          0.034841164946556091,
          0,
          -0.24587704241275787,
          -3.5807356834411621,
          0.10458556562662125,
          1
        ]
      },
      {
        "date" : 711966654.30641794,
        "title" : "Untitled",
        "transform" : [
          0.9959033727645874,
          -3.8690064485535913e-09,
          -0.090423665940761566,
          0,
          0.090368516743183136,
          0.034899640828371048,
          0.99529677629470825,
          0,
          0.0031557083129882812,
          -0.99939090013504028,
          0.0347566157579422,
          0,
          -0.24232470989227295,
          -3.5807356834411621,
          0.11257187277078629,
          1
        ]
      },
      {
        "date" : 711888399.59389305,
        "title" : "Untitled",
        "transform" : [
          0.99522089958190918,
          -3.8690064485535913e-09,
          0.097648918628692627,
          0,
          -0.097589485347270966,
          0.034899640828371048,
          0.99461472034454346,
          0,
          -0.0034079449251294136,
          -0.99939090013504028,
          0.034732792526483536,
          0,
          -0.25911697745323181,
          -3.5807356834411621,
          0.065207958221435547,
          1
        ]
      },
      {
        "date" : 711888398.09240997,
        "title" : "Untitled",
        "transform" : [
          0.99522101879119873,
          -3.869007336732011e-09,
          0.097648933529853821,
          0,
          -0.097589485347270966,
          0.034899581223726273,
          0.99461472034454346,
          0,
          -0.0034079391043633223,
          -0.99939090013504028,
          0.03473273292183876,
          0,
          -0.58982294797897339,
          -3.5410113334655762,
          1.1757771968841553,
          1
        ]
      },
      {
        "date" : 711888394.32461703,
        "title" : "Untitled",
        "transform" : [
          0.99948352575302124,
          1.6241659128723995e-09,
          -0.032137874513864517,
          0,
          -0.021026605740189552,
          0.75626838207244873,
          -0.65392357110977173,
          0,
          0.024304818361997604,
          0.65426152944564819,
          0.7558777928352356,
          0,
          -0.40809532999992371,
          3.1778559684753418,
          2.0009477138519287,
          1
        ]
      },
      {
        "date" : 711888391.10034096,
        "title" : "Untitled",
        "transform" : [
          0.99847704172134399,
          -5.7547442505745394e-11,
          0.055169962346553802,
          0,
          -0.055136382579803467,
          0.03489958867430687,
          0.99786871671676636,
          0,
          -0.0019254445796832442,
          -0.99939090013504028,
          0.034846361726522446,
          0,
          -0.53920656442642212,
          -3.5410103797912598,
          1.1998326778411865,
          1
        ]
      },
      {
        "date" : 711888340.51029503,
        "title" : "Untitled",
        "transform" : [
          0.9910358190536499,
          8.6519047481914413e-10,
          0.13359729945659637,
          0,
          -0.12443047016859055,
          0.36403700709342957,
          0.92303520441055298,
          0,
          -0.048634391278028488,
          -0.93138456344604492,
          0.36077362298965454,
          0,
          -19.118736267089844,
          -359.23358154296875,
          142.17318725585938,
          1
        ]
      },
      {
        "date" : 711888334.56102097,
        "title" : "Untitled",
        "transform" : [
          1,
          0,
          0,
          0,
          0,
          0.86926364898681641,
          -0.49434870481491089,
          0,
          0,
          0.49434870481491089,
          0.86926364898681641,
          0,
          0,
          193.34031677246094,
          335.23382568359375,
          1
        ]
      }
    ],
    "86157EF1-48F0-43B3-82F7-23C36FDE8EFC" : [
      {
        "date" : 711553714.45785201,
        "title" : "Untitled",
        "transform" : [
          1,
          0,
          0,
          0,
          0,
          0.86602544784545898,
          -0.49999994039535522,
          0,
          0,
          0.49999994039535522,
          0.86602544784545898,
          0,
          0,
          0.27093505859375,
          0.46927332878112793,
          1
        ]
      }
    ],
    "AF09ED6F-1707-48FD-8720-65B998362C09" : [
      {
        "date" : 711538707.08963799,
        "title" : "Untitled",
        "transform" : [
          0.99999654293060303,
          -2.4724475244930488e-10,
          -0.0026000712532550097,
          0,
          -0.001877664471976459,
          0.69172590970993042,
          -0.72215783596038818,
          0,
          0.0017985205631703138,
          0.7221602201461792,
          0.6917235255241394,
          0,
          -0.064874798059463501,
          2.8256497383117676,
          -0.064152121543884277,
          1
        ]
      },
      {
        "date" : 711538698.74902594,
        "title" : "Untitled",
        "transform" : [
          0.99895703792572021,
          -2.4946553156546258e-10,
          0.045659396797418594,
          0,
          0.030262606218457222,
          0.74880522489547729,
          -0.66209900379180908,
          0,
          -0.034190010279417038,
          0.66279017925262451,
          0.74802428483963013,
          0,
          -0.13942910730838776,
          2.7029080390930176,
          0.059276103973388672,
          1
        ]
      }
    ],
    "D560BB77-AAF3-4BDE-B7C4-989332A4688B" : [
      {
        "date" : 711555249.35702896,
        "title" : "Untitled",
        "transform" : [
          -0.25002413988113403,
          0,
          -0.96823960542678833,
          0,
          -0.48411989212036133,
          0.86602532863616943,
          0.12501212954521179,
          0,
          0.83851993083953857,
          0.50000011920928955,
          -0.21652722358703613,
          0,
          15.997272491455078,
          8.9876737594604492,
          -3.5686206817626953,
          1
        ]
      },
      {
        "date" : 711555243.55558205,
        "title" : "Untitled",
        "transform" : [
          -0.25002413988113403,
          0,
          -0.96823960542678833,
          0,
          -0.48411989212036133,
          0.86602532863616943,
          0.12501212954521179,
          0,
          0.83851993083953857,
          0.50000011920928955,
          -0.21652722358703613,
          0,
          6.9547653198242188,
          4.4744758605957031,
          -1.5514469146728516,
          1
        ]
      },
      {
        "date" : 711555231.227144,
        "title" : "Untitled",
        "transform" : [
          -0.25002413988113403,
          0,
          -0.96823960542678833,
          0,
          -0.48411989212036133,
          0.86602532863616943,
          0.12501212954521179,
          0,
          0.83851993083953857,
          0.50000011920928955,
          -0.21652722358703613,
          0,
          236.96734619140625,
          119.27590942382812,
          -52.861915588378906,
          1
        ]
      },
      {
        "date" : 711555220.99152899,
        "title" : "Untitled",
        "transform" : [
          -0.25002413988113403,
          0,
          -0.96823960542678833,
          0,
          -0.48411989212036133,
          0.86602532863616943,
          0.12501212954521179,
          0,
          0.83851993083953857,
          0.50000011920928955,
          -0.21652722358703613,
          0,
          38.605804443359375,
          20.271804809570312,
          -8.6120595932006836,
          1
        ]
      },
      {
        "date" : 711553562.39223599,
        "title" : "Untitled",
        "transform" : [
          -0.25002413988113403,
          0,
          -0.96823960542678833,
          0,
          -0.48411989212036133,
          0.86602532863616943,
          0.12501212954521179,
          0,
          0.83851993083953857,
          0.50000011920928955,
          -0.21652722358703613,
          0,
          3.369880199432373,
          2.6852269172668457,
          -0.75174212455749512,
          1
        ]
      },
      {
        "date" : 711553554.45965695,
        "title" : "Untitled",
        "transform" : [
          0.99962663650512695,
          0,
          -0.027325088158249855,
          0,
          -0.013662547804415226,
          0.86602532863616943,
          -0.49981343746185303,
          0,
          0.023664219304919243,
          0.50000011920928955,
          0.86570191383361816,
          0,
          -0.025230621919035912,
          3.0887770652770996,
          4.2810497283935547,
          1
        ]
      },
      {
        "date" : 711553493.04041004,
        "title" : "Untitled",
        "transform" : [
          0.99962663650512695,
          0,
          -0.027325088158249855,
          0,
          -0.013662547804415226,
          0.86602532863616943,
          -0.49981343746185303,
          0,
          0.023664219304919243,
          0.50000011920928955,
          0.86570191383361816,
          0,
          -0.020915668457746506,
          2.7321157455444336,
          3.5489027500152588,
          1
        ]
      },
      {
        "date" : 711553488.81869602,
        "title" : "Untitled",
        "transform" : [
          0.99994492530822754,
          0,
          -0.01049785315990448,
          0,
          -0.0052489279769361019,
          0.86602532863616943,
          -0.49997258186340332,
          0,
          0.0090914070606231689,
          0.50000011920928955,
          0.86597758531570435,
          0,
          -0.028962420299649239,
          1.6242128610610962,
          1.274314284324646,
          1
        ]
      },
      {
        "date" : 711553486.49839199,
        "title" : "Untitled",
        "transform" : [
          0.99994492530822754,
          0,
          -0.01049785315990448,
          0,
          -0.0052489279769361019,
          0.86602532863616943,
          -0.49997258186340332,
          0,
          0.0090914070606231689,
          0.50000011920928955,
          0.86597758531570435,
          0,
          -0.078682586550712585,
          2.6901619434356689,
          3.4619462490081787,
          1
        ]
      },
      {
        "date" : 711553461.44753098,
        "title" : "Untitled",
        "transform" : [
          0.99994492530822754,
          0,
          -0.01049785315990448,
          0,
          -0.0052489279769361019,
          0.86602532863616943,
          -0.49997258186340332,
          0,
          0.0090914070606231689,
          0.50000011920928955,
          0.86597758531570435,
          0,
          0.1482229083776474,
          2.0426051616668701,
          3.2693884372711182,
          1
        ]
      }
    ],
    "E1FA2DAC-E5FC-4610-B6FD-9C2E94E555AA" : [
      {
        "date" : 711643345.34794104,
        "title" : "Untitled",
        "transform" : [
          0.99792736768722534,
          2.6794049201583903e-09,
          0.064351677894592285,
          0,
          0.06287645548582077,
          0.21289201080799103,
          -0.97505050897598267,
          0,
          -0.013699961826205254,
          0.97707569599151611,
          0.21245075762271881,
          0,
          -0.48113247752189636,
          36.390232086181641,
          7.4611124992370605,
          1
        ]
      },
      {
        "date" : 711643311.82738495,
        "title" : "Untitled",
        "transform" : [
          1,
          0,
          0,
          0,
          0,
          0.86633074283599854,
          -0.49947077035903931,
          0,
          0,
          0.49947077035903931,
          0.86633074283599854,
          0,
          0,
          19.584003448486328,
          30.499691009521484,
          1
        ]
      }
    ],
    "E61F53E1-0783-4FA5-BC4E-86C98F417CAA" : [
      {
        "date" : 713193133.93856001,
        "title" : "Untitled",
        "transform" : [
          1,
          0,
          -0,
          0,
          -0,
          0.86602544784545898,
          -0.49999988079071045,
          0,
          0,
          0.49999988079071045,
          0.86602544784545898,
          0,
          0,
          0.19880329072475433,
          0.34433743357658386,
          1
        ]
      }
    ],
    "E38957ED-D601-4FD7-9ECB-0F6A06F77D2C" : [
      {
        "date" : 712586148.68543398,
        "title" : "Untitled",
        "transform" : [
          0.99929541349411011,
          6.0605470642016712e-10,
          -0.037532348185777664,
          0,
          -0.023032685741782188,
          0.78955310583114624,
          -0.61324995756149292,
          0,
          0.02963334321975708,
          0.6136823296546936,
          0.78899681568145752,
          0,
          0.9872816801071167,
          3.7976255416870117,
          -0.93785190582275391,
          1
        ]
      },
      {
        "date" : 712581844.13619006,
        "title" : "Untitled",
        "transform" : [
          0.99928098917007446,
          6.0605470642016712e-10,
          -0.037913545966148376,
          0,
          -0.023266619071364403,
          0.78955298662185669,
          -0.61324107646942139,
          0,
          0.029934318736195564,
          0.6136823296546936,
          0.78898543119430542,
          0,
          1.6101056337356567,
          7.7586650848388672,
          2.1076135635375977,
          1
        ]
      },
      {
        "date" : 712581841.15253401,
        "title" : "Untitled",
        "transform" : [
          0.99928098917007446,
          6.0605470642016712e-10,
          -0.037913545966148376,
          0,
          -0.023266619071364403,
          0.78955298662185669,
          -0.61324107646942139,
          0,
          0.029934318736195564,
          0.6136823296546936,
          0.78898543119430542,
          0,
          -1.3928220272064209,
          7.4841442108154297,
          2.4350688457489014,
          1
        ]
      },
      {
        "date" : 712581801.60422695,
        "title" : "Untitled",
        "transform" : [
          0.99928098917007446,
          6.0605470642016712e-10,
          -0.037913545966148376,
          0,
          -0.023266619071364403,
          0.78955298662185669,
          -0.61324107646942139,
          0,
          0.029934318736195564,
          0.6136823296546936,
          0.78898543119430542,
          0,
          -2.225712776184082,
          11.062589645385742,
          6.7623882293701172,
          1
        ]
      },
      {
        "date" : 712579902.87511206,
        "title" : "Untitled",
        "transform" : [
          0.99928098917007446,
          6.0605470642016712e-10,
          -0.037913545966148376,
          0,
          -0.023266619071364403,
          0.78955298662185669,
          -0.61324107646942139,
          0,
          0.029934318736195564,
          0.6136823296546936,
          0.78898543119430542,
          0,
          1.7285985946655273,
          14.128917694091797,
          4.2273330688476562,
          1
        ]
      },
      {
        "date" : 712579897.772475,
        "title" : "Untitled",
        "transform" : [
          0.99928098917007446,
          6.0605470642016712e-10,
          -0.037913545966148376,
          0,
          -0.023266619071364403,
          0.78955298662185669,
          -0.61324107646942139,
          0,
          0.029934318736195564,
          0.6136823296546936,
          0.78898543119430542,
          0,
          0.86571598052978516,
          16.041118621826172,
          2.7727394104003906,
          1
        ]
      },
      {
        "date" : 712579649.35068405,
        "title" : "Untitled",
        "transform" : [
          0.99928098917007446,
          6.0605470642016712e-10,
          -0.037913545966148376,
          0,
          -0.023266619071364403,
          0.78955298662185669,
          -0.61324107646942139,
          0,
          0.029934318736195564,
          0.6136823296546936,
          0.78898543119430542,
          0,
          0.075540781021118164,
          9.6661548614501953,
          7.7612466812133789,
          1
        ]
      },
      {
        "date" : 712579070.71216798,
        "title" : "Untitled",
        "transform" : [
          0.99928098917007446,
          6.0605470642016712e-10,
          -0.037913545966148376,
          0,
          -0.023266619071364403,
          0.78955298662185669,
          -0.61324107646942139,
          0,
          0.029934318736195564,
          0.6136823296546936,
          0.78898543119430542,
          0,
          -0.14663338661193848,
          9.0708293914794922,
          8.2327289581298828,
          1
        ]
      },
      {
        "date" : 712578724.04967797,
        "title" : "Untitled",
        "transform" : [
          0.99928098917007446,
          6.0605470642016712e-10,
          -0.037913545966148376,
          0,
          -0.023266619071364403,
          0.78955298662185669,
          -0.61324107646942139,
          0,
          0.029934318736195564,
          0.6136823296546936,
          0.78898543119430542,
          0,
          0.55966222286224365,
          9.3874359130859375,
          7.9596710205078125,
          1
        ]
      },
      {
        "date" : 712578284.85283899,
        "title" : "Untitled",
        "transform" : [
          0.99928098917007446,
          6.0605470642016712e-10,
          -0.037913545966148376,
          0,
          -0.023266619071364403,
          0.78955298662185669,
          -0.61324107646942139,
          0,
          0.029934318736195564,
          0.6136823296546936,
          0.78898543119430542,
          0,
          0.51649892330169678,
          7.5889682769775391,
          9.3601799011230469,
          1
        ]
      }
    ]
  },
  "selectedSceneRelativePath" : "Store.usda"
}