{
  "advancedEditorSelectedIdentifier" : "ShaderGraphEditorPluginID",
  "openSceneRelativePaths" : [
    "Store.usda",
    "Bottle.usda"
  ],
  "recentIdentifiers" : {
    "88C5B37B-537F-4D91-9349-4C08E80FD7F0" : [

    ],
    "5483EF9B-AF5C-453E-B313-C2BA2BCFB91D" : [

    ],
    "AF09ED6F-1707-48FD-8720-65B998362C09" : [

    ],
    "D560BB77-AAF3-4BDE-B7C4-989332A4688B" : [

    ],
    "E38957ED-D601-4FD7-9ECB-0F6A06F77D2C" : [

    ]
  },
  "sceneCameraHistory" : {
    "7A75E6DD-65A9-453A-95A6-AB25ECAF64C0" : [
      {
        "date" : 711638953.61847699,
        "title" : "Untitled",
        "transform" : [
          1,
          0,
          0,
          0,
          0,
          0.86602520942687988,
          -0.50000029802322388,
          0,
          0,
          0.50000029802322388,
          0.86602520942687988,
          0,
          0,
          13.019936561584473,
          16.655391693115234,
          1
        ]
      }
    ],
    "88C5B37B-537F-4D91-9349-4C08E80FD7F0" : [
      {
        "date" : 711647412.50006902,
        "title" : "Untitled",
        "transform" : [
          1,
          0,
          0,
          0,
          0,
          0.86602538824081421,
          -0.5,
          0,
          0,
          0.5,
          0.86602538824081421,
          0,
          0,
          0.27093476057052612,
          0.46927279233932495,
          1
        ]
      }
    ],
    "5483EF9B-AF5C-453E-B313-C2BA2BCFB91D" : [
      {
        "date" : 715520045.36303401,
        "title" : "Untitled",
        "transform" : [
          0.99424874782562256,
          1.2948975225413051e-09,
          -0.1070956289768219,
          0,
          -0.044504217803478241,
          0.90956765413284302,
          -0.4131658673286438,
          0,
          0.097410723567008972,
          0.41555583477020264,
          0.90433651208877563,
          0,
          0.060471002012491226,
          0.48723652958869934,
          0.57298469543457031,
          1
        ]
      },
      {
        "date" : 715520037.17460895,
        "title" : "Untitled",
        "transform" : [
          0.99424874782562256,
          -6.4950267386620908e-12,
          -0.10709564387798309,
          0,
          -0.044504221528768539,
          0.90956765413284302,
          -0.4131658673286438,
          0,
          0.097410738468170166,
          0.41555583477020264,
          0.90433651208877563,
          0,
          0.060471035540103912,
          0.48723655939102173,
          0.57298475503921509,
          1
        ]
      },
      {
        "date" : 715519968.25805998,
        "title" : "Untitled",
        "transform" : [
          0.99424874782562256,
          -1.5885138759941242e-09,
          -0.10709565132856369,
          0,
          -0.044504221528768539,
          0.90956765413284302,
          -0.4131658673286438,
          0,
          0.097410745918750763,
          0.41555583477020264,
          0.90433651208877563,
          0,
          0.060471042990684509,
          0.48723652958869934,
          0.57298463582992554,
          1
        ]
      },
      {
        "date" : 715519263.56420302,
        "title" : "Untitled",
        "transform" : [
          0.99424874782562256,
          -4.4515067187944624e-09,
          -0.10709566622972488,
          0,
          -0.044504228979349136,
          0.90956765413284302,
          -0.41316589713096619,
          0,
          0.097410760819911957,
          0.41555586457252502,
          0.90433645248413086,
          0,
          0.026030180975794792,
          0.46692147850990295,
          0.48391890525817871,
          1
        ]
      },
      {
        "date" : 715519248.06498694,
        "title" : "Untitled",
        "transform" : [
          0.99424874782562256,
          -4.4515067187944624e-09,
          -0.10709566622972488,
          0,
          -0.044504228979349136,
          0.90956765413284302,
          -0.41316589713096619,
          0,
          0.097410760819911957,
          0.41555586457252502,
          0.90433645248413086,
          0,
          0.014432232826948166,
          0.048957575112581253,
          0.13787081837654114,
          1
        ]
      },
      {
        "date" : 715519087.82816696,
        "title" : "Untitled",
        "transform" : [
          0.99424874782562256,
          -7.9059372382062065e-09,
          -0.10709568113088608,
          0,
          -0.044504255056381226,
          0.90956765413284302,
          -0.41316595673561096,
          0,
          0.09741075336933136,
          0.41555601358413696,
          0.90433633327484131,
          0,
          0.057257737964391708,
          0.45727354288101196,
          0.54067313671112061,
          1
        ]
      },
      {
        "date" : 715519083.79495704,
        "title" : "Untitled",
        "transform" : [
          0.99324983358383179,
          -8.0367241750423091e-09,
          -0.11599408835172653,
          0,
          -0.050082851201295853,
          0.90198343992233276,
          -0.42885613441467285,
          0,
          0.10462476313114166,
          0.43177074193954468,
          0.89589500427246094,
          0,
          0.061137203127145767,
          0.46693241596221924,
          0.53192234039306641,
          1
        ]
      },
      {
        "date" : 715519061.64439797,
        "title" : "Untitled",
        "transform" : [
          0.98240941762924194,
          -8.0442328354024539e-09,
          -0.18673960864543915,
          0,
          -0.082724601030349731,
          0.89652442932128906,
          -0.43520185351371765,
          0,
          0.16741664707660675,
          0.44299450516700745,
          0.88075405359268188,
          0,
          0.097930550575256348,
          0.47357851266860962,
          0.52042102813720703,
          1
        ]
      },
      {
        "date" : 715518605.844643,
        "title" : "Untitled",
        "transform" : [
          0.97181332111358643,
          -8.3903444192401366e-09,
          -0.23575165867805481,
          0,
          -0.066910713911056519,
          0.95887798070907593,
          -0.27581876516342163,
          0,
          0.22605708241462708,
          0.28381866216659546,
          0.9318503737449646,
          0,
          0.14108765125274658,
          0.37646088004112244,
          0.58572733402252197,
          1
        ]
      },
      {
        "date" : 715518585.90525997,
        "title" : "Untitled",
        "transform" : [
          0.97181332111358643,
          -8.3903444192401366e-09,
          -0.23575165867805481,
          0,
          -0.066910713911056519,
          0.95887798070907593,
          -0.27581876516342163,
          0,
          0.22605708241462708,
          0.28381866216659546,
          0.9318503737449646,
          0,
          0.15248948335647583,
          0.41963827610015869,
          0.63272786140441895,
          1
        ]
      }
    ],
    "35842A5D-B9DD-4A8B-8DDA-1EE6A0314094" : [
      {
        "date" : 715518572.82639503,
        "title" : "Untitled",
        "transform" : [
          1,
          0,
          -0,
          0,
          -0,
          0.86602544784545898,
          -0.49999988079071045,
          0,
          0,
          0.49999988079071045,
          0.86602544784545898,
          0,
          0,
          0.21784831583499908,
          0.37732440233230591,
          1
        ]
      }
    ],
    "86157EF1-48F0-43B3-82F7-23C36FDE8EFC" : [
      {
        "date" : 711553714.45785201,
        "title" : "Untitled",
        "transform" : [
          1,
          0,
          0,
          0,
          0,
          0.86602544784545898,
          -0.49999994039535522,
          0,
          0,
          0.49999994039535522,
          0.86602544784545898,
          0,
          0,
          0.27093505859375,
          0.46927332878112793,
          1
        ]
      }
    ],
    "AF09ED6F-1707-48FD-8720-65B998362C09" : [
      {
        "date" : 711538707.08963799,
        "title" : "Untitled",
        "transform" : [
          0.99999654293060303,
          -2.4724475244930488e-10,
          -0.0026000712532550097,
          0,
          -0.001877664471976459,
          0.69172590970993042,
          -0.72215783596038818,
          0,
          0.0017985205631703138,
          0.7221602201461792,
          0.6917235255241394,
          0,
          -0.064874798059463501,
          2.8256497383117676,
          -0.064152121543884277,
          1
        ]
      },
      {
        "date" : 711538698.74902594,
        "title" : "Untitled",
        "transform" : [
          0.99895703792572021,
          -2.4946553156546258e-10,
          0.045659396797418594,
          0,
          0.030262606218457222,
          0.74880522489547729,
          -0.66209900379180908,
          0,
          -0.034190010279417038,
          0.66279017925262451,
          0.74802428483963013,
          0,
          -0.13942910730838776,
          2.7029080390930176,
          0.059276103973388672,
          1
        ]
      }
    ],
    "D560BB77-AAF3-4BDE-B7C4-989332A4688B" : [
      {
        "date" : 711555249.35702896,
        "title" : "Untitled",
        "transform" : [
          -0.25002413988113403,
          0,
          -0.96823960542678833,
          0,
          -0.48411989212036133,
          0.86602532863616943,
          0.12501212954521179,
          0,
          0.83851993083953857,
          0.50000011920928955,
          -0.21652722358703613,
          0,
          15.997272491455078,
          8.9876737594604492,
          -3.5686206817626953,
          1
        ]
      },
      {
        "date" : 711555243.55558205,
        "title" : "Untitled",
        "transform" : [
          -0.25002413988113403,
          0,
          -0.96823960542678833,
          0,
          -0.48411989212036133,
          0.86602532863616943,
          0.12501212954521179,
          0,
          0.83851993083953857,
          0.50000011920928955,
          -0.21652722358703613,
          0,
          6.9547653198242188,
          4.4744758605957031,
          -1.5514469146728516,
          1
        ]
      },
      {
        "date" : 711555231.227144,
        "title" : "Untitled",
        "transform" : [
          -0.25002413988113403,
          0,
          -0.96823960542678833,
          0,
          -0.48411989212036133,
          0.86602532863616943,
          0.12501212954521179,
          0,
          0.83851993083953857,
          0.50000011920928955,
          -0.21652722358703613,
          0,
          236.96734619140625,
          119.27590942382812,
          -52.861915588378906,
          1
        ]
      },
      {
        "date" : 711555220.99152899,
        "title" : "Untitled",
        "transform" : [
          -0.25002413988113403,
          0,
          -0.96823960542678833,
          0,
          -0.48411989212036133,
          0.86602532863616943,
          0.12501212954521179,
          0,
          0.83851993083953857,
          0.50000011920928955,
          -0.21652722358703613,
          0,
          38.605804443359375,
          20.271804809570312,
          -8.6120595932006836,
          1
        ]
      },
      {
        "date" : 711553562.39223599,
        "title" : "Untitled",
        "transform" : [
          -0.25002413988113403,
          0,
          -0.96823960542678833,
          0,
          -0.48411989212036133,
          0.86602532863616943,
          0.12501212954521179,
          0,
          0.83851993083953857,
          0.50000011920928955,
          -0.21652722358703613,
          0,
          3.369880199432373,
          2.6852269172668457,
          -0.75174212455749512,
          1
        ]
      },
      {
        "date" : 711553554.45965695,
        "title" : "Untitled",
        "transform" : [
          0.99962663650512695,
          0,
          -0.027325088158249855,
          0,
          -0.013662547804415226,
          0.86602532863616943,
          -0.49981343746185303,
          0,
          0.023664219304919243,
          0.50000011920928955,
          0.86570191383361816,
          0,
          -0.025230621919035912,
          3.0887770652770996,
          4.2810497283935547,
          1
        ]
      },
      {
        "date" : 711553493.04041004,
        "title" : "Untitled",
        "transform" : [
          0.99962663650512695,
          0,
          -0.027325088158249855,
          0,
          -0.013662547804415226,
          0.86602532863616943,
          -0.49981343746185303,
          0,
          0.023664219304919243,
          0.50000011920928955,
          0.86570191383361816,
          0,
          -0.020915668457746506,
          2.7321157455444336,
          3.5489027500152588,
          1
        ]
      },
      {
        "date" : 711553488.81869602,
        "title" : "Untitled",
        "transform" : [
          0.99994492530822754,
          0,
          -0.01049785315990448,
          0,
          -0.0052489279769361019,
          0.86602532863616943,
          -0.49997258186340332,
          0,
          0.0090914070606231689,
          0.50000011920928955,
          0.86597758531570435,
          0,
          -0.028962420299649239,
          1.6242128610610962,
          1.274314284324646,
          1
        ]
      },
      {
        "date" : 711553486.49839199,
        "title" : "Untitled",
        "transform" : [
          0.99994492530822754,
          0,
          -0.01049785315990448,
          0,
          -0.0052489279769361019,
          0.86602532863616943,
          -0.49997258186340332,
          0,
          0.0090914070606231689,
          0.50000011920928955,
          0.86597758531570435,
          0,
          -0.078682586550712585,
          2.6901619434356689,
          3.4619462490081787,
          1
        ]
      },
      {
        "date" : 711553461.44753098,
        "title" : "Untitled",
        "transform" : [
          0.99994492530822754,
          0,
          -0.01049785315990448,
          0,
          -0.0052489279769361019,
          0.86602532863616943,
          -0.49997258186340332,
          0,
          0.0090914070606231689,
          0.50000011920928955,
          0.86597758531570435,
          0,
          0.1482229083776474,
          2.0426051616668701,
          3.2693884372711182,
          1
        ]
      }
    ],
    "E1FA2DAC-E5FC-4610-B6FD-9C2E94E555AA" : [
      {
        "date" : 711643345.34794104,
        "title" : "Untitled",
        "transform" : [
          0.99792736768722534,
          2.6794049201583903e-09,
          0.064351677894592285,
          0,
          0.06287645548582077,
          0.21289201080799103,
          -0.97505050897598267,
          0,
          -0.013699961826205254,
          0.97707569599151611,
          0.21245075762271881,
          0,
          -0.48113247752189636,
          36.390232086181641,
          7.4611124992370605,
          1
        ]
      },
      {
        "date" : 711643311.82738495,
        "title" : "Untitled",
        "transform" : [
          1,
          0,
          0,
          0,
          0,
          0.86633074283599854,
          -0.49947077035903931,
          0,
          0,
          0.49947077035903931,
          0.86633074283599854,
          0,
          0,
          19.584003448486328,
          30.499691009521484,
          1
        ]
      }
    ],
    "E61F53E1-0783-4FA5-BC4E-86C98F417CAA" : [
      {
        "date" : 713193133.93856001,
        "title" : "Untitled",
        "transform" : [
          1,
          0,
          0,
          0,
          0,
          0.86602544784545898,
          -0.49999988079071045,
          0,
          0,
          0.49999988079071045,
          0.86602544784545898,
          0,
          0,
          0.19880329072475433,
          0.34433743357658386,
          1
        ]
      }
    ],
    "E38957ED-D601-4FD7-9ECB-0F6A06F77D2C" : [
      {
        "date" : 715520376.40694499,
        "title" : "Untitled",
        "transform" : [
          0.97536361217498779,
          1.6917778289382568e-09,
          -0.22060331702232361,
          0,
          -0.068733952939510345,
          0.95022237300872803,
          -0.30389660596847534,
          0,
          0.20962220430374146,
          0.3115726113319397,
          0.92681229114532471,
          0,
          2.3536193370819092,
          6.9125261306762695,
          9.5829658508300781,
          1
        ]
      },
      {
        "date" : 715520372.318349,
        "title" : "Untitled",
        "transform" : [
          0.97536361217498779,
          1.6917778289382568e-09,
          -0.22060331702232361,
          0,
          -0.068733952939510345,
          0.95022237300872803,
          -0.30389660596847534,
          0,
          0.20962220430374146,
          0.3115726113319397,
          0.92681229114532471,
          0,
          0.032959736883640289,
          0.048842772841453552,
          0.14603307843208313,
          1
        ]
      },
      {
        "date" : 715520367.62641895,
        "title" : "Untitled",
        "transform" : [
          0.97536361217498779,
          1.6917778289382568e-09,
          -0.22060331702232361,
          0,
          -0.068733952939510345,
          0.95022237300872803,
          -0.30389660596847534,
          0,
          0.20962220430374146,
          0.3115726113319397,
          0.92681229114532471,
          0,
          0.033392429351806641,
          0.038348197937011719,
          0.1494632363319397,
          1
        ]
      },
      {
        "date" : 715258869.65588403,
        "title" : "Untitled",
        "transform" : [
          0.97536361217498779,
          1.9961028385750978e-09,
          -0.22060331702232361,
          0,
          -0.068733707070350647,
          0.95022231340408325,
          -0.30389663577079773,
          0,
          0.20962177217006683,
          0.31157258152961731,
          0.92681241035461426,
          0,
          0.70575737953186035,
          3.5165929794311523,
          0.42548179626464844,
          1
        ]
      },
      {
        "date" : 715252539.72572803,
        "title" : "Untitled",
        "transform" : [
          0.99929541349411011,
          6.0605470642016712e-10,
          -0.037532348185777664,
          0,
          -0.023032685741782188,
          0.78955310583114624,
          -0.61324995756149292,
          0,
          0.02963334321975708,
          0.6136823296546936,
          0.78899681568145752,
          0,
          -1.1628741025924683,
          4.1055240631103516,
          -0.092253684997558594,
          1
        ]
      },
      {
        "date" : 715252537.82491899,
        "title" : "Untitled",
        "transform" : [
          0.99929541349411011,
          6.0605470642016712e-10,
          -0.037532348185777664,
          0,
          -0.023032685741782188,
          0.78955310583114624,
          -0.61324995756149292,
          0,
          0.02963334321975708,
          0.6136823296546936,
          0.78899681568145752,
          0,
          -1.1507836580276489,
          3.4963912963867188,
          0.38107657432556152,
          1
        ]
      },
      {
        "date" : 715252531.18024504,
        "title" : "Untitled",
        "transform" : [
          0.99929541349411011,
          6.0605470642016712e-10,
          -0.037532348185777664,
          0,
          -0.023032685741782188,
          0.78955310583114624,
          -0.61324995756149292,
          0,
          0.02963334321975708,
          0.6136823296546936,
          0.78899681568145752,
          0,
          -1.1705536842346191,
          2.9683761596679688,
          0.79250955581665039,
          1
        ]
      },
      {
        "date" : 714493031.57853198,
        "title" : "Untitled",
        "transform" : [
          0.99929541349411011,
          6.0605470642016712e-10,
          -0.037532348185777664,
          0,
          -0.023032685741782188,
          0.78955310583114624,
          -0.61324995756149292,
          0,
          0.02963334321975708,
          0.6136823296546936,
          0.78899681568145752,
          0,
          -1.3490675687789917,
          3.5834746360778809,
          0.32078897953033447,
          1
        ]
      },
      {
        "date" : 714493028.00576305,
        "title" : "Untitled",
        "transform" : [
          0.99929541349411011,
          6.0605470642016712e-10,
          -0.037532348185777664,
          0,
          -0.023032685741782188,
          0.78955310583114624,
          -0.61324995756149292,
          0,
          0.02963334321975708,
          0.6136823296546936,
          0.78899681568145752,
          0,
          -0.87794780731201172,
          3.7837629318237305,
          -0.85701465606689453,
          1
        ]
      },
      {
        "date" : 714492999.75983298,
        "title" : "Untitled",
        "transform" : [
          0.99929541349411011,
          6.0605470642016712e-10,
          -0.037532348185777664,
          0,
          -0.023032685741782188,
          0.78955310583114624,
          -0.61324995756149292,
          0,
          0.02963334321975708,
          0.6136823296546936,
          0.78899681568145752,
          0,
          0.98494470119476318,
          3.7825479507446289,
          -0.92603683471679688,
          1
        ]
      }
    ]
  },
  "selectedSceneRelativePath" : "Bottle.usda"
}