{
  "advancedEditorSelectedIdentifier" : "ShaderGraphEditorPluginID",
  "openSceneRelativePaths" : [
    "Shop.usda",
    "Mug.usda",
    "Moo Bottle.usda",
    "Notebook.usda",
    "Showroom.usda",
    "P1.usda"
  ],
  "recentIdentifiers" : {
    "3E23E797-3FE3-4E52-BDBC-7ADC694312AE" : [

    ],
    "8C9A8E0B-CB3C-4BAF-A285-D4FD67413C54" : [

    ],
    "26F2AE47-05D0-433C-A0E3-FB623AAB8997" : [

    ],
    "33C9836A-0968-4645-AA9F-AD8FE44DF4FC" : [

    ],
    "036D6F49-DE5A-4AE2-9B5D-F0C100FF3993" : [

    ],
    "55D4D4B9-89E3-47D8-9B16-C0A520BB38A8" : [

    ],
    "61BAD63E-A05C-45C2-A2E7-DFEAE04DF890" : [

    ],
    "88C5B37B-537F-4D91-9349-4C08E80FD7F0" : [

    ],
    "592D39F3-66EC-4715-863D-E8DA6A16AC0D" : [

    ],
    "2141B752-84A2-4CB2-99E4-64DC0C854201" : [

    ],
    "5483EF9B-AF5C-453E-B313-C2BA2BCFB91D" : [

    ],
    "A85873F1-1EF5-49C7-835D-73347192CCCA" : [

    ],
    "A310330E-8EF5-4DBD-A522-1FC4BB7B92C9" : [

    ],
    "A7034894-6C7F-449B-8C26-8A21CBEC8961" : [

    ],
    "AF09ED6F-1707-48FD-8720-65B998362C09" : [

    ],
    "CC0E8310-7634-4706-A6B4-96581BD8D838" : [

    ],
    "D560BB77-AAF3-4BDE-B7C4-989332A4688B" : [

    ],
    "D7978FF7-4ADA-4725-9F80-6BEBD3843139" : [

    ],
    "D8097EE9-437D-4632-A686-CA11ED96BEEC" : [

    ],
    "E38957ED-D601-4FD7-9ECB-0F6A06F77D2C" : [

    ],
    "EC461BD0-B71A-45C0-872C-14285747C200" : [

    ],
    "EFAAA5C1-B1B6-4EF5-8DE7-FC10E5711C7D" : [

    ]
  },
  "sceneCameraHistory" : {
    "3E23E797-3FE3-4E52-BDBC-7ADC694312AE" : [
      {
        "date" : 717501867.624727,
        "title" : "Untitled",
        "transform" : [
          0.99858344,
          3.4115621e-10,
          0.053208034,
          0,
          0.016029937,
          0.95353913,
          -0.30084231,
          0,
          -0.050735947,
          0.30126905,
          0.95218843,
          0,
          -0.020915678,
          0.19770432,
          0.45010254,
          1
        ]
      },
      {
        "date" : 717501862.165047,
        "title" : "Untitled",
        "transform" : [
          0.99997133,
          1.931627e-10,
          -0.007571769,
          0,
          -0.003684446,
          0.8736232,
          -0.4865891,
          0,
          0.006614873,
          0.48660305,
          0.87359816,
          0,
          0.006104528,
          0.2841533,
          0.401667,
          1
        ]
      },
      {
        "date" : 717501804.617465,
        "title" : "Untitled",
        "transform" : [
          0.99997133,
          1.931627e-10,
          -0.007571769,
          0,
          -0.003684446,
          0.8736232,
          -0.4865891,
          0,
          0.006614873,
          0.48660305,
          0.87359816,
          0,
          0.0040130084,
          0.130297,
          0.12544888,
          1
        ]
      },
      {
        "date" : 717501620.939605,
        "title" : "Untitled",
        "transform" : [
          0.99997133,
          2.3225924e-10,
          -0.007571769,
          0,
          -0.0036844462,
          0.87362325,
          -0.48658907,
          0,
          0.0066148737,
          0.48660305,
          0.8735982,
          0,
          0.005450283,
          0.3999295,
          0.7197957,
          1
        ]
      },
      {
        "date" : 717501604.524226,
        "title" : "Untitled",
        "transform" : [
          0.99996805,
          -6.2745364e-12,
          0.007987761,
          0,
          0.004237601,
          0.8476776,
          -0.5304948,
          0,
          -0.0067710453,
          0.5305118,
          0.8476505,
          0,
          0.0074443654,
          0.19721633,
          0.3753458,
          1
        ]
      },
      {
        "date" : 717501596.388602,
        "title" : "Untitled",
        "transform" : [
          0.9998836,
          4.043607e-11,
          -0.015254238,
          0,
          -0.0028181323,
          0.98278666,
          -0.18472269,
          0,
          0.0149916615,
          0.18474425,
          0.9826723,
          0,
          0.016534688,
          0.050870262,
          0.39926365,
          1
        ]
      },
      {
        "date" : 717501570.580114,
        "title" : "Untitled",
        "transform" : [
          0.9999877,
          6.35587e-11,
          0.0049485466,
          0,
          0.0023207602,
          0.88320965,
          -0.4689724,
          0,
          -0.0043706037,
          0.46897826,
          0.8831989,
          0,
          0.008526849,
          0.17067492,
          0.38709515,
          1
        ]
      },
      {
        "date" : 717501543.241376,
        "title" : "Untitled",
        "transform" : [
          0.9997246,
          5.3900467e-11,
          0.02346457,
          0,
          0.019057002,
          0.5834337,
          -0.8119371,
          0,
          -0.013690021,
          0.8121608,
          0.58327305,
          0,
          0.0040772907,
          0.3246851,
          0.2713084,
          1
        ]
      },
      {
        "date" : 717501539.329057,
        "title" : "Untitled",
        "transform" : [
          0.9997246,
          5.3900467e-11,
          0.02346457,
          0,
          0.019057002,
          0.5834337,
          -0.8119371,
          0,
          -0.013690019,
          0.8121607,
          0.583273,
          0,
          0.0020589859,
          0.16135478,
          0.13700767,
          1
        ]
      },
      {
        "date" : 717501533.788951,
        "title" : "Untitled",
        "transform" : [
          0.99999976,
          9.366879e-12,
          -0.00062344124,
          0,
          -0.00046894068,
          0.6589565,
          -0.7521808,
          0,
          0.0004108207,
          0.752181,
          0.65895635,
          0,
          0.0036245736,
          0.097805575,
          0.102853544,
          1
        ]
      }
    ],
    "7A75E6DD-65A9-453A-95A6-AB25ECAF64C0" : [
      {
        "date" : 711638953.618477,
        "title" : "Untitled",
        "transform" : [
          1,
          0,
          0,
          0,
          0,
          0.8660252,
          -0.5000003,
          0,
          0,
          0.5000003,
          0.8660252,
          0,
          0,
          13.019937,
          16.655392,
          1
        ]
      }
    ],
    "8C9A8E0B-CB3C-4BAF-A285-D4FD67413C54" : [
      {
        "date" : 718110953.950999,
        "title" : "Untitled",
        "transform" : [
          0.9874527,
          -1.2988117e-09,
          -0.15791443,
          0,
          -0.04321134,
          0.9618328,
          -0.27020442,
          0,
          0.15188728,
          0.27363774,
          0.9497645,
          0,
          0.5005052,
          6.23461,
          8.210932,
          1
        ]
      },
      {
        "date" : 718110951.140678,
        "title" : "Untitled",
        "transform" : [
          0.99229914,
          7.8733464e-11,
          -0.12386395,
          0,
          -0.008461032,
          0.9976642,
          -0.06778319,
          0,
          0.123574644,
          0.06830917,
          0.98998135,
          0,
          0.35590306,
          4.402057,
          9.329281,
          1
        ]
      },
      {
        "date" : 718110864.385645,
        "title" : "Untitled",
        "transform" : [
          0.9947494,
          4.5682758e-10,
          0.10233995,
          0,
          0.026056856,
          0.9670437,
          -0.25327376,
          0,
          -0.09896719,
          0.25461054,
          0.96196616,
          0,
          -1.6484613,
          6.071894,
          8.182599,
          1
        ]
      },
      {
        "date" : 718110856.367151,
        "title" : "Untitled",
        "transform" : [
          0.99808055,
          3.8100512e-10,
          0.06192816,
          0,
          0.017812071,
          0.9577433,
          -0.28707236,
          0,
          -0.059311256,
          0.28762436,
          0.955905,
          0,
          -0.53769433,
          6.058771,
          5.377842,
          1
        ]
      },
      {
        "date" : 718110843.132723,
        "title" : "Untitled",
        "transform" : [
          0.99626017,
          4.2676943e-10,
          0.08640339,
          0,
          0.026910396,
          0.9502624,
          -0.31028572,
          0,
          -0.082105875,
          0.31145042,
          0.9467087,
          0,
          -1.0178602,
          6.5606637,
          5.184123,
          1
        ]
      },
      {
        "date" : 718110806.763852,
        "title" : "Untitled",
        "transform" : [
          0.9964896,
          4.7756815e-10,
          0.083716385,
          0,
          0.025261836,
          0.95338553,
          -0.30069554,
          0,
          -0.07981397,
          0.30175474,
          0.95003885,
          0,
          -0.9996525,
          6.4696393,
          5.2541494,
          1
        ]
      },
      {
        "date" : 718110780.448956,
        "title" : "Untitled",
        "transform" : [
          0.9964897,
          4.775682e-10,
          0.08371639,
          0,
          0.025261836,
          0.95338553,
          -0.30069554,
          0,
          -0.07981397,
          0.30175474,
          0.95003885,
          0,
          -1.1048644,
          7.049757,
          11.763553,
          1
        ]
      },
      {
        "date" : 718110772.646829,
        "title" : "Untitled",
        "transform" : [
          0.99768543,
          5.9610505e-10,
          0.06799895,
          0,
          0.019445052,
          0.9582412,
          -0.285299,
          0,
          -0.06515937,
          0.2859608,
          0.95602334,
          0,
          -0.9271167,
          6.85358,
          11.894111,
          1
        ]
      },
      {
        "date" : 718110759.935265,
        "title" : "Untitled",
        "transform" : [
          0.9689107,
          7.6747825e-10,
          0.24741091,
          0,
          0.10385135,
          0.90763855,
          -0.40670264,
          0,
          -0.2245597,
          0.41975245,
          0.8794209,
          0,
          -2.8984234,
          8.520008,
          10.852152,
          1
        ]
      },
      {
        "date" : 718110753.735608,
        "title" : "Untitled",
        "transform" : [
          0.97041893,
          7.7322626e-10,
          0.24142738,
          0,
          0.10212004,
          0.9061369,
          -0.41047212,
          0,
          -0.21876624,
          0.42298448,
          0.8793325,
          0,
          -2.7808278,
          8.585612,
          10.850359,
          1
        ]
      }
    ],
    "26F2AE47-05D0-433C-A0E3-FB623AAB8997" : [
      {
        "date" : 716918462.470045,
        "title" : "Untitled",
        "transform" : [
          0.12862858,
          -1.8921447e-09,
          -0.9916929,
          0,
          -0.38563696,
          0.92129374,
          -0.05001944,
          0,
          0.91364044,
          0.38886732,
          0.1185047,
          0,
          75.05884,
          52.690292,
          10.66292,
          1
        ]
      },
      {
        "date" : 716918333.209569,
        "title" : "Untitled",
        "transform" : [
          0.14197882,
          -1.1114663e-09,
          -0.9898697,
          0,
          -0.48477465,
          0.8718709,
          -0.06953216,
          0,
          0.8630385,
          0.48973587,
          0.123787254,
          0,
          68.58569,
          60.859505,
          10.766419,
          1
        ]
      },
      {
        "date" : 716918224.454435,
        "title" : "Untitled",
        "transform" : [
          0.03582066,
          -1.0876497e-09,
          -0.99935824,
          0,
          -0.48551387,
          0.87405574,
          -0.017402641,
          0,
          0.87349474,
          0.48582572,
          0.031309295,
          0,
          69.46014,
          60.544823,
          3.3268898,
          1
        ]
      },
      {
        "date" : 716918217.942202,
        "title" : "Untitled",
        "transform" : [
          0.039045587,
          -1.4943841e-09,
          -0.9992374,
          0,
          -0.32664785,
          0.94505996,
          -0.012763939,
          0,
          0.9443392,
          0.3268972,
          0.036900464,
          0,
          75.05399,
          47.76097,
          3.7727087,
          1
        ]
      },
      {
        "date" : 716917596.595264,
        "title" : "Untitled",
        "transform" : [
          -0.025944892,
          -1.5001473e-09,
          -0.99966335,
          0,
          -0.32276154,
          0.94644326,
          0.0083767865,
          0,
          0.9461246,
          0.32287028,
          -0.024555324,
          0,
          75.34316,
          47.440582,
          -1.1158416,
          1
        ]
      },
      {
        "date" : 716917594.974696,
        "title" : "Untitled",
        "transform" : [
          0.28395772,
          -1.499652e-09,
          -0.9588368,
          0,
          -0.2979716,
          0.95048726,
          -0.08824379,
          0,
          0.9113621,
          0.31076366,
          0.26989824,
          0,
          72.58162,
          46.475,
          22.370247,
          1
        ]
      },
      {
        "date" : 716916892.226203,
        "title" : "Untitled",
        "transform" : [
          0.4689342,
          -9.219292e-11,
          -0.8832331,
          0,
          -0.4823451,
          0.8377114,
          -0.25609115,
          0,
          0.73989445,
          0.5461131,
          0.39283162,
          0,
          53.77933,
          64.54289,
          29.50328,
          1
        ]
      },
      {
        "date" : 716916432.715944,
        "title" : "Untitled",
        "transform" : [
          0.7974721,
          9.315482e-11,
          -0.60335577,
          0,
          -0.25500953,
          0.906292,
          -0.33705324,
          0,
          0.5468165,
          0.42265207,
          0.7227427,
          0,
          41.454407,
          55.258526,
          56.182503,
          1
        ]
      },
      {
        "date" : 716916397.549046,
        "title" : "Untitled",
        "transform" : [
          1,
          0,
          0,
          0,
          0,
          0.86493134,
          -0.50189024,
          0,
          0,
          0.50189024,
          0.86493134,
          0,
          -0.8393011,
          61.27192,
          64.602585,
          1
        ]
      },
      {
        "date" : 716916386.598755,
        "title" : "Untitled",
        "transform" : [
          1,
          0,
          0,
          0,
          0,
          0.8649313,
          -0.50189024,
          0,
          0,
          0.50189024,
          0.8649313,
          0,
          -0.8393011,
          128.96768,
          178.74423,
          1
        ]
      }
    ],
    "33C9836A-0968-4645-AA9F-AD8FE44DF4FC" : [
      {
        "date" : 727968531.904401,
        "title" : "Untitled",
        "transform" : [
          0.99663424,
          -1.9987467e-09,
          0.08197727,
          0,
          0.035134155,
          0.90350187,
          -0.4271416,
          0,
          -0.07406662,
          0.42858416,
          0.90046084,
          0,
          -0.25048104,
          1.4424615,
          3.8902485,
          1
        ]
      },
      {
        "date" : 727968192.630495,
        "title" : "Untitled",
        "transform" : [
          0.99663424,
          -1.9987467e-09,
          0.08197727,
          0,
          0.035134155,
          0.90350187,
          -0.4271416,
          0,
          -0.07406662,
          0.42858416,
          0.90046084,
          0,
          -0.24129327,
          1.3889085,
          2.6948524,
          1
        ]
      },
      {
        "date" : 727968010.372584,
        "title" : "Untitled",
        "transform" : [
          0.99663424,
          -1.9987467e-09,
          0.08197727,
          0,
          0.035134155,
          0.90350187,
          -0.4271416,
          0,
          -0.07406662,
          0.42858416,
          0.90046084,
          0,
          -0.23749582,
          1.3964785,
          3.480321,
          1
        ]
      },
      {
        "date" : 727966310.381282,
        "title" : "Untitled",
        "transform" : [
          0.99663424,
          -1.9987467e-09,
          0.08197727,
          0,
          0.035134155,
          0.90350187,
          -0.4271416,
          0,
          -0.07406662,
          0.42858416,
          0.90046084,
          0,
          -0.26065087,
          1.3059069,
          2.3412304,
          1
        ]
      },
      {
        "date" : 727966308.164795,
        "title" : "Untitled",
        "transform" : [
          0.99663424,
          -1.9987467e-09,
          0.08197727,
          0,
          0.035134155,
          0.90350187,
          -0.4271416,
          0,
          -0.07406662,
          0.42858416,
          0.90046084,
          0,
          -0.2690735,
          1.5026512,
          4.110977,
          1
        ]
      },
      {
        "date" : 727966306.332211,
        "title" : "Untitled",
        "transform" : [
          0.99663424,
          -1.9987467e-09,
          0.08197727,
          0,
          0.035134155,
          0.90350187,
          -0.4271416,
          0,
          -0.07406662,
          0.42858416,
          0.90046084,
          0,
          -68.36683,
          61.230804,
          162.09227,
          1
        ]
      },
      {
        "date" : 727966281.978057,
        "title" : "Untitled",
        "transform" : [
          0.99663424,
          -1.9987467e-09,
          0.08197727,
          0,
          0.035134155,
          0.90350187,
          -0.4271416,
          0,
          -0.07406662,
          0.42858416,
          0.90046084,
          0,
          -93.62151,
          180.57776,
          226.10147,
          1
        ]
      },
      {
        "date" : 727966272.154031,
        "title" : "Untitled",
        "transform" : [
          0.99663424,
          -1.9987467e-09,
          0.08197727,
          0,
          0.035134155,
          0.90350187,
          -0.4271416,
          0,
          -0.07406662,
          0.42858416,
          0.90046084,
          0,
          -24.129335,
          138.89084,
          269.48523,
          1
        ]
      },
      {
        "date" : 727966262.41864,
        "title" : "Untitled",
        "transform" : [
          0.99663424,
          1.2716377e-09,
          0.08197728,
          0,
          0.03513416,
          0.90350187,
          -0.4271416,
          0,
          -0.074066624,
          0.42858416,
          0.90046084,
          0,
          -0.24129327,
          1.3889084,
          2.6948526,
          1
        ]
      },
      {
        "date" : 727966256.711934,
        "title" : "Untitled",
        "transform" : [
          0.9966342,
          5.272547e-09,
          0.081977285,
          0,
          0.035134163,
          0.9035019,
          -0.4271416,
          0,
          -0.07406664,
          0.42858416,
          0.9004609,
          0,
          -0.2475175,
          1.2947538,
          1.7670131,
          1
        ]
      }
    ],
    "036D6F49-DE5A-4AE2-9B5D-F0C100FF3993" : [
      {
        "date" : 716983374.350357,
        "title" : "Untitled",
        "transform" : [
          1,
          0,
          0,
          0,
          0,
          0.86602545,
          -0.49999988,
          0,
          0,
          0.49999988,
          0.86602545,
          0,
          0,
          1.3457851,
          2.3309639,
          1
        ]
      },
      {
        "date" : 716983360.483946,
        "title" : "Untitled",
        "transform" : [
          1,
          0,
          0,
          0,
          0,
          0.86602545,
          -0.49999988,
          0,
          0,
          0.49999988,
          0.86602545,
          0,
          0,
          0.498916,
          0.86414796,
          1
        ]
      },
      {
        "date" : 716983306.445308,
        "title" : "Untitled",
        "transform" : [
          1,
          0,
          0,
          0,
          0,
          0.86602545,
          -0.49999988,
          0,
          0,
          0.49999988,
          0.86602545,
          0,
          0,
          0.23566224,
          0.40817901,
          1
        ]
      }
    ],
    "55D4D4B9-89E3-47D8-9B16-C0A520BB38A8" : [
      {
        "date" : 718216330.073977,
        "title" : "Untitled",
        "transform" : [
          0.99773914,
          7.90919e-09,
          -0.067205936,
          0,
          -0.009920551,
          0.98904526,
          -0.14727932,
          0,
          0.06646973,
          0.14761314,
          0.98680896,
          0,
          0.002255754,
          0.41386127,
          0.61782503,
          1
        ]
      },
      {
        "date" : 718215975.320624,
        "title" : "Untitled",
        "transform" : [
          0.99696386,
          6.2723498e-09,
          -0.07786505,
          0,
          -0.00023733279,
          0.9999954,
          -0.0030378024,
          0,
          0.0778647,
          0.0030471457,
          0.99695927,
          0,
          0.01301358,
          0.32035512,
          0.67096746,
          1
        ]
      },
      {
        "date" : 718215959.502852,
        "title" : "Untitled",
        "transform" : [
          0.99916536,
          9.109406e-09,
          -0.040848814,
          0,
          0.0034330671,
          0.996462,
          0.08397458,
          0,
          0.040704586,
          -0.084044635,
          0.99563026,
          0,
          -0.010836116,
          0.26079896,
          0.6963192,
          1
        ]
      },
      {
        "date" : 718215952.504111,
        "title" : "Untitled",
        "transform" : [
          0.9998204,
          9.366238e-09,
          -0.01895344,
          0,
          -0.004609054,
          0.9699825,
          -0.24313079,
          0,
          0.018384797,
          0.24317458,
          0.9698083,
          0,
          -0.028396461,
          0.47190705,
          0.57401335,
          1
        ]
      },
      {
        "date" : 718215945.735814,
        "title" : "Untitled",
        "transform" : [
          0.90706974,
          9.568673e-09,
          -0.42098024,
          0,
          0.018640874,
          0.9990191,
          0.040164907,
          0,
          0.42056766,
          -0.044279695,
          0.90618,
          0,
          0.25247785,
          0.28829187,
          0.6372885,
          1
        ]
      },
      {
        "date" : 718215936.513772,
        "title" : "Untitled",
        "transform" : [
          0.99661356,
          9.271197e-09,
          0.08222747,
          0,
          0.003270937,
          0.9992085,
          -0.039645135,
          0,
          -0.08216212,
          0.03977996,
          0.9958248,
          0,
          -0.09322077,
          0.34474912,
          0.6522667,
          1
        ]
      },
      {
        "date" : 718215929.250799,
        "title" : "Untitled",
        "transform" : [
          -0.9022251,
          4.1325277e-09,
          0.4312656,
          0,
          -0.05860973,
          0.99072236,
          -0.12261408,
          0,
          -0.4272647,
          -0.13590175,
          -0.8938544,
          0,
          -0.12677205,
          0.10530371,
          -0.3079856,
          1
        ]
      },
      {
        "date" : 718215889.597488,
        "title" : "Untitled",
        "transform" : [
          0.9870437,
          -6.2360535e-09,
          -0.16045153,
          0,
          -0.023169091,
          0.98951954,
          -0.14252807,
          0,
          0.15877007,
          0.14439906,
          0.97669905,
          0,
          0.05864131,
          0.39996803,
          0.59843004,
          1
        ]
      },
      {
        "date" : 718215846.249082,
        "title" : "Untitled",
        "transform" : [
          0.94223875,
          4.1875792e-10,
          -0.33494213,
          0,
          -0.021545481,
          0.997929,
          -0.06061019,
          0,
          0.33424866,
          0.064325914,
          0.94028723,
          0,
          0.17518516,
          0.35039577,
          0.6066834,
          1
        ]
      },
      {
        "date" : 718215841.045534,
        "title" : "Untitled",
        "transform" : [
          0.91175294,
          7.5751716e-10,
          -0.4107391,
          0,
          0.009652359,
          0.99972385,
          0.02142637,
          0,
          0.41062582,
          -0.023499994,
          0.91150093,
          0,
          0.22746487,
          0.2946149,
          0.5977745,
          1
        ]
      }
    ],
    "61BAD63E-A05C-45C2-A2E7-DFEAE04DF890" : [
      {
        "date" : 718025336.642079,
        "title" : "Untitled",
        "transform" : [
          0.99999946,
          0,
          0.0010528562,
          0,
          0.00074448163,
          0.7071068,
          -0.70710635,
          0,
          -0.00074448175,
          0.7071067,
          0.7071065,
          0,
          -0.26439428,
          5.1045437,
          2.5187795,
          1
        ]
      },
      {
        "date" : 718025317.142572,
        "title" : "Untitled",
        "transform" : [
          0.99999946,
          0,
          0.0010528562,
          0,
          0.00074448163,
          0.7071068,
          -0.70710635,
          0,
          -0.00074448175,
          0.7071067,
          0.7071065,
          0,
          -0.5287404,
          5.630466,
          1.9925785,
          1
        ]
      },
      {
        "date" : 718025315.65918,
        "title" : "Untitled",
        "transform" : [
          0.99999946,
          0,
          0.0010528562,
          0,
          0.00074448163,
          0.7071068,
          -0.70710635,
          0,
          -0.00074448175,
          0.7071067,
          0.7071065,
          0,
          -1.055686,
          5.710857,
          1.9116337,
          1
        ]
      },
      {
        "date" : 718025306.233,
        "title" : "Untitled",
        "transform" : [
          0.99999946,
          0,
          0.0010528562,
          0,
          0.00074448163,
          0.7071068,
          -0.70710635,
          0,
          -0.00074448175,
          0.7071067,
          0.7071065,
          0,
          -0.098776385,
          5.2078443,
          2.4156518,
          1
        ]
      },
      {
        "date" : 717678663.726136,
        "title" : "Untitled",
        "transform" : [
          0.99999946,
          0,
          0.0010528562,
          0,
          0.00074448163,
          0.7071068,
          -0.70710635,
          0,
          -0.00074448175,
          0.7071067,
          0.7071065,
          0,
          -0.17053124,
          5.468005,
          2.1554177,
          1
        ]
      },
      {
        "date" : 717678657.11001,
        "title" : "Untitled",
        "transform" : [
          0.99999946,
          0,
          0.0010528562,
          0,
          0.00074448163,
          0.7071068,
          -0.70710635,
          0,
          -0.00074448175,
          0.7071067,
          0.7071065,
          0,
          -0.24631637,
          3.7224898,
          0.02643156,
          1
        ]
      },
      {
        "date" : 717678641.560139,
        "title" : "Untitled",
        "transform" : [
          0.99999946,
          0,
          0.0010528562,
          0,
          0.00074448163,
          0.7071068,
          -0.70710635,
          0,
          -0.00074448175,
          0.7071067,
          0.7071065,
          0,
          -0.32906878,
          4.858182,
          1.363555,
          1
        ]
      },
      {
        "date" : 717519828.280253,
        "title" : "Untitled",
        "transform" : [
          1,
          0,
          0,
          0,
          0,
          0.7071069,
          -0.70710677,
          0,
          0,
          0.70710677,
          0.7071069,
          0,
          -0.023685694,
          3.575314,
          0.89467764,
          1
        ]
      },
      {
        "date" : 717519438.023209,
        "title" : "Untitled",
        "transform" : [
          1,
          0,
          0,
          0,
          0,
          0.7071069,
          -0.70710677,
          0,
          0,
          0.70710677,
          0.7071069,
          0,
          0,
          2.2349946,
          2.234995,
          1
        ]
      },
      {
        "date" : 717519362.941783,
        "title" : "Untitled",
        "transform" : [
          0.9983254,
          4.8400728e-11,
          -0.057846423,
          0,
          -0.019285304,
          0.9427898,
          -0.33282974,
          0,
          0.05453702,
          0.333388,
          0.9412111,
          0,
          0.4493472,
          2.7468863,
          7.754926,
          1
        ]
      }
    ],
    "88C5B37B-537F-4D91-9349-4C08E80FD7F0" : [
      {
        "date" : 711647412.500069,
        "title" : "Untitled",
        "transform" : [
          1,
          0,
          0,
          0,
          0,
          0.8660254,
          -0.5,
          0,
          0,
          0.5,
          0.8660254,
          0,
          0,
          0.27093476,
          0.4692728,
          1
        ]
      }
    ],
    "522C95E9-EE39-48AB-9804-591167825C6F" : [
      {
        "date" : 717505725.145431,
        "title" : "Untitled",
        "transform" : [
          0.99999994,
          0,
          -0,
          0,
          -0,
          0.8660254,
          -0.49999988,
          0,
          0,
          0.49999988,
          0.8660254,
          0,
          0,
          0.22903623,
          0.39670244,
          1
        ]
      }
    ],
    "592D39F3-66EC-4715-863D-E8DA6A16AC0D" : [
      {
        "date" : 727889327.133607,
        "title" : "Untitled",
        "transform" : [
          0.99999994,
          0,
          -0,
          0,
          -0,
          0.8660255,
          -0.49999988,
          0,
          0,
          0.49999988,
          0.8660255,
          0,
          0,
          0.21766864,
          0.3770132,
          1
        ]
      }
    ],
    "2141B752-84A2-4CB2-99E4-64DC0C854201" : [
      {
        "date" : 727961779.808521,
        "title" : "Untitled",
        "transform" : [
          1,
          0,
          0,
          0,
          0,
          0.7071069,
          -0.70710677,
          0,
          0,
          0.70710677,
          0.7071069,
          0,
          0.072536916,
          3.1045933,
          3.2869716,
          1
        ]
      },
      {
        "date" : 727961775.29519,
        "title" : "Untitled",
        "transform" : [
          0.97419417,
          -6.5412365e-08,
          -0.22571164,
          0,
          -0.15017419,
          0.7465434,
          -0.64816713,
          0,
          0.16850358,
          0.6653367,
          0.72727823,
          0,
          2.1228404,
          5.5388136,
          7.3692102,
          1
        ]
      },
      {
        "date" : 727961772.720381,
        "title" : "Untitled",
        "transform" : [
          0.97419417,
          -6.5412365e-08,
          -0.22571164,
          0,
          -0.15017419,
          0.7465434,
          -0.64816713,
          0,
          0.16850358,
          0.6653367,
          0.72727823,
          0,
          1.8366078,
          5.013056,
          7.9165053,
          1
        ]
      },
      {
        "date" : 727961770.662013,
        "title" : "Untitled",
        "transform" : [
          0.97419417,
          -6.5412365e-08,
          -0.22571164,
          0,
          -0.15017419,
          0.7465434,
          -0.64816713,
          0,
          0.16850358,
          0.6653367,
          0.72727823,
          0,
          1.6179274,
          5.125703,
          7.8641186,
          1
        ]
      },
      {
        "date" : 727961768.710901,
        "title" : "Untitled",
        "transform" : [
          0.97419417,
          -6.5412365e-08,
          -0.22571164,
          0,
          -0.15017419,
          0.7465434,
          -0.64816713,
          0,
          0.16850358,
          0.6653367,
          0.72727823,
          0,
          1.4156731,
          5.0756264,
          7.9567904,
          1
        ]
      },
      {
        "date" : 727961760.831953,
        "title" : "Untitled",
        "transform" : [
          0.97419417,
          -6.5412365e-08,
          -0.22571164,
          0,
          -0.15017419,
          0.7465434,
          -0.64816713,
          0,
          0.16850358,
          0.6653367,
          0.72727823,
          0,
          1.6016206,
          5.1256638,
          7.867931,
          1
        ]
      },
      {
        "date" : 727897269.391513,
        "title" : "Untitled",
        "transform" : [
          0.97419417,
          -6.5412365e-08,
          -0.22571164,
          0,
          -0.15017419,
          0.7465434,
          -0.64816713,
          0,
          0.16850358,
          0.6653367,
          0.72727823,
          0,
          3.1922588,
          4.8880596,
          7.716761,
          1
        ]
      },
      {
        "date" : 727897264.280617,
        "title" : "Untitled",
        "transform" : [
          0.49103037,
          -1.715106e-08,
          -0.8711425,
          0,
          -0.5697831,
          0.7564391,
          -0.32116538,
          0,
          0.6589662,
          0.6540642,
          0.3714345,
          0,
          6.27276,
          4.7482185,
          -0.8087963,
          1
        ]
      },
      {
        "date" : 727897262.385396,
        "title" : "Untitled",
        "transform" : [
          0.9101413,
          1.4797417e-08,
          -0.414298,
          0,
          -0.20511828,
          0.8688368,
          -0.4506095,
          0,
          0.35995734,
          0.4950984,
          0.7907643,
          0,
          4.1020846,
          3.5941992,
          2.2353566,
          1
        ]
      },
      {
        "date" : 727897258.201574,
        "title" : "Untitled",
        "transform" : [
          0.143225,
          5.42947e-10,
          0.9896902,
          0,
          0.47268036,
          0.878575,
          -0.06840488,
          0,
          -0.8695171,
          0.4776044,
          0.1258339,
          0,
          -4.823368,
          3.4672027,
          -2.5917475,
          1
        ]
      }
    ],
    "5483EF9B-AF5C-453E-B313-C2BA2BCFB91D" : [
      {
        "date" : 716994399.468853,
        "title" : "Untitled",
        "transform" : [
          0.9977664,
          6.588508e-09,
          -0.06679962,
          0,
          -0.020151021,
          0.95341444,
          -0.3009898,
          0,
          0.06368773,
          0.30166367,
          0.9512849,
          0,
          0.04153431,
          0.47134185,
          0.64130163,
          1
        ]
      },
      {
        "date" : 716994395.119045,
        "title" : "Untitled",
        "transform" : [
          0.9968379,
          7.1132913e-09,
          -0.07946141,
          0,
          -0.05413669,
          0.7320087,
          -0.679141,
          0,
          0.05816644,
          0.68129534,
          0.729694,
          0,
          0.036998183,
          0.7249179,
          0.4817227,
          1
        ]
      },
      {
        "date" : 716994393.033912,
        "title" : "Untitled",
        "transform" : [
          0.996838,
          7.0148634e-09,
          -0.07946142,
          0,
          -0.0541367,
          0.7320087,
          -0.679141,
          0,
          0.058166444,
          0.6812953,
          0.729694,
          0,
          -0.47289285,
          1.0717076,
          1.3871729,
          1
        ]
      },
      {
        "date" : 716903948.928629,
        "title" : "Untitled",
        "transform" : [
          0.99424875,
          7.000462e-09,
          -0.10709561,
          0,
          -0.044504203,
          0.9095677,
          -0.41316578,
          0,
          0.0974107,
          0.41555575,
          0.9043365,
          0,
          -0.40536004,
          0.59256756,
          1.6676272,
          1
        ]
      },
      {
        "date" : 716903860.43811,
        "title" : "Untitled",
        "transform" : [
          0.99424875,
          7.000462e-09,
          -0.10709561,
          0,
          -0.044504203,
          0.9095677,
          -0.41316578,
          0,
          0.0974107,
          0.41555575,
          0.9043365,
          0,
          -0.56887865,
          0.011360038,
          -0.11678395,
          1
        ]
      },
      {
        "date" : 716903842.864544,
        "title" : "Untitled",
        "transform" : [
          0.99424875,
          7.000462e-09,
          -0.10709561,
          0,
          -0.044504203,
          0.9095677,
          -0.41316578,
          0,
          0.0974107,
          0.41555575,
          0.9043365,
          0,
          -0.570911,
          0.0026894254,
          -0.13565305,
          1
        ]
      },
      {
        "date" : 716903840.910461,
        "title" : "Untitled",
        "transform" : [
          0.99424875,
          5.719489e-09,
          -0.107095614,
          0,
          -0.044504207,
          0.9095677,
          -0.4131658,
          0,
          0.09741071,
          0.41555578,
          0.9043365,
          0,
          -0.5699337,
          0.007530307,
          -0.12520535,
          1
        ]
      },
      {
        "date" : 716903837.156963,
        "title" : "Untitled",
        "transform" : [
          0.99424875,
          5.719489e-09,
          -0.107095614,
          0,
          -0.044504207,
          0.9095677,
          -0.4131658,
          0,
          0.09741071,
          0.41555578,
          0.9043365,
          0,
          -0.57091093,
          0.0026894286,
          -0.13565305,
          1
        ]
      },
      {
        "date" : 716903795.172336,
        "title" : "Untitled",
        "transform" : [
          0.99424875,
          4.438516e-09,
          -0.10709562,
          0,
          -0.044504214,
          0.9095677,
          -0.41316584,
          0,
          0.097410716,
          0.4155558,
          0.9043365,
          0,
          -0.5504928,
          0.0995184,
          0.07436352,
          1
        ]
      },
      {
        "date" : 716903794.043241,
        "title" : "Untitled",
        "transform" : [
          0.99424875,
          4.438516e-09,
          -0.10709562,
          0,
          -0.044504214,
          0.9095677,
          -0.41316584,
          0,
          0.097410716,
          0.4155558,
          0.9043365,
          0,
          -0.54874146,
          0.10793993,
          0.09242808,
          1
        ]
      }
    ],
    "35842A5D-B9DD-4A8B-8DDA-1EE6A0314094" : [
      {
        "date" : 715518572.826395,
        "title" : "Untitled",
        "transform" : [
          1,
          0,
          0,
          0,
          0,
          0.86602545,
          -0.49999988,
          0,
          0,
          0.49999988,
          0.86602545,
          0,
          0,
          0.21784832,
          0.3773244,
          1
        ]
      }
    ],
    "86157EF1-48F0-43B3-82F7-23C36FDE8EFC" : [
      {
        "date" : 711553714.457852,
        "title" : "Untitled",
        "transform" : [
          1,
          0,
          0,
          0,
          0,
          0.86602545,
          -0.49999994,
          0,
          0,
          0.49999994,
          0.86602545,
          0,
          0,
