{
  "advancedEditorSelectedIdentifier" : "ProjectBrowser",
  "openSceneRelativePaths" : [
    "Store.usda",
    "Materials.usda",
    "Bottle.usda"
  ],
  "recentIdentifiers" : {
    "88C5B37B-537F-4D91-9349-4C08E80FD7F0" : [

    ],
    "5483EF9B-AF5C-453E-B313-C2BA2BCFB91D" : [

    ],
    "AF09ED6F-1707-48FD-8720-65B998362C09" : [

    ],
    "D560BB77-AAF3-4BDE-B7C4-989332A4688B" : [

    ],
    "E38957ED-D601-4FD7-9ECB-0F6A06F77D2C" : [

    ]
  },
  "sceneCameraHistory" : {
    "7A75E6DD-65A9-453A-95A6-AB25ECAF64C0" : [
      {
        "date" : 711638953.61847699,
        "title" : "Untitled",
        "transform" : [
          1,
          0,
          0,
          0,
          0,
          0.86602520942687988,
          -0.50000029802322388,
          0,
          0,
          0.50000029802322388,
          0.86602520942687988,
          0,
          0,
          13.019936561584473,
          16.655391693115234,
          1
        ]
      }
    ],
    "88C5B37B-537F-4D91-9349-4C08E80FD7F0" : [
      {
        "date" : 711647412.50006902,
        "title" : "Untitled",
        "transform" : [
          1,
          0,
          0,
          0,
          0,
          0.86602538824081421,
          -0.5,
          0,
          0,
          0.5,
          0.86602538824081421,
          0,
          0,
          0.27093476057052612,
          0.46927279233932495,
          1
        ]
      }
    ],
    "5483EF9B-AF5C-453E-B313-C2BA2BCFB91D" : [
      {
        "date" : 714499050.76020002,
        "title" : "Untitled",
        "transform" : [
          0.97363364696502686,
          -5.6392392977500094e-09,
          -0.22811715304851532,
          0,
          -0.094581283628940582,
          0.90999603271484375,
          -0.403685063123703,
          0,
          0.20758582651615143,
          0.41461670398712158,
          0.88600295782089233,
          0,
          0.093405120074748993,
          0.29027479887008667,
          0.65230458974838257,
          1
        ]
      },
      {
        "date" : 714499034.279598,
        "title" : "Untitled",
        "transform" : [
          0.97310250997543335,
          -5.4382471859071302e-09,
          -0.23037296533584595,
          0,
          -0.099706657230854034,
          0.90148746967315674,
          -0.42116382718086243,
          0,
          0.20767843723297119,
          0.43280497193336487,
          0.87723976373672485,
          0,
          0.093543387949466705,
          0.30339643359184265,
          0.64628589153289795,
          1
        ]
      },
      {
        "date" : 714499002.06688797,
        "title" : "Untitled",
        "transform" : [
          0.9998096227645874,
          -4.5587009722680705e-09,
          -0.019514607265591621,
          0,
          -0.013684648089110851,
          0.71291482448577881,
          -0.70111727714538574,
          0,
          0.013912336900830269,
          0.70125055313110352,
          0.71277928352355957,
          0,
          -0.047754209488630295,
          0.49756667017936707,
          0.51829737424850464,
          1
        ]
      },
      {
        "date" : 714498929.89376903,
        "title" : "Untitled",
        "transform" : [
          0.98498827219009399,
          -4.8217150272478193e-09,
          -0.1726212203502655,
          0,
          -0.075008511543273926,
          0.90065914392471313,
          -0.42800348997116089,
          0,
          0.15547297894954681,
          0.4345262348651886,
          0.88713878393173218,
          0,
          0.055190693587064743,
          0.3046383261680603,
          0.65010356903076172,
          1
        ]
      },
      {
        "date" : 714498601.28213203,
        "title" : "Untitled",
        "transform" : [
          0.98810958862304688,
          -1.8955294223133023e-08,
          -0.15375149250030518,
          0,
          -0.068516694009304047,
          0.89521598815917969,
          -0.44033369421958923,
          0,
          0.13764086365699768,
          0.44563227891921997,
          0.8845716118812561,
          0,
          0.056787945330142975,
          0.36001169681549072,
          0.7412751317024231,
          1
        ]
      },
      {
        "date" : 714498566.14338505,
        "title" : "Untitled",
        "transform" : [
          0.99969124794006348,
          -1.9756960512040678e-08,
          0.024849254637956619,
          0,
          0.01237634290009737,
          0.86714369058609009,
          -0.49790424108505249,
          0,
          -0.021547827869653702,
          0.49805784225463867,
          0.86687606573104858,
          0,
          -0.075695320963859558,
          0.4034331738948822,
          0.71682214736938477,
          1
        ]
      },
      {
        "date" : 714498537.77557194,
        "title" : "Untitled",
        "transform" : [
          0.99986135959625244,
          -1.9845760590442296e-08,
          -0.016653072088956833,
          0,
          -0.010422380641102791,
          0.7799420952796936,
          -0.62576484680175781,
          0,
          0.012988487258553505,
          0.62585145235061646,
          0.77983415126800537,
          0,
          -0.047065984457731247,
          0.50942862033843994,
          0.64852863550186157,
          1
        ]
      },
      {
        "date" : 714498444.18371201,
        "title" : "Untitled",
        "transform" : [
          0.99172914028167725,
          -1.9812020468634728e-08,
          -0.12834872305393219,
          0,
          -0.066018253564834595,
          0.85757064819335938,
          -0.51011180877685547,
          0,
          0.11006815731525421,
          0.5143657922744751,
          0.85047787427902222,
          0,
          0.033839691430330276,
          0.4169471263885498,
          0.71227246522903442,
          1
        ]
      },
      {
        "date" : 714498423.09435403,
        "title" : "Untitled",
        "transform" : [
          0.96086299419403076,
          -2.0614546514252652e-08,
          -0.27702417969703674,
          0,
          -0.19805566966533661,
          0.69918566942214966,
          -0.68695932626724243,
          0,
          0.1936914324760437,
          0.71493983268737793,
          0.67182183265686035,
          0,
          0.10558557510375977,
          0.58348089456558228,
          0.57508593797683716,
          1
        ]
      },
      {
        "date" : 714498009.31236196,
        "title" : "Untitled",
        "transform" : [
          0.93846076726913452,
          -1.9863007238996033e-08,
          -0.34538593888282776,
          0,
          -0.21894015371799469,
          0.77341490983963013,
          -0.594890296459198,
          0,
          0.26712673902511597,
          0.63389986753463745,
          0.72581970691680908,
          0,
          0.16755680739879608,
          0.5161125659942627,
          0.62279587984085083,
          1
        ]
      }
    ],
    "86157EF1-48F0-43B3-82F7-23C36FDE8EFC" : [
      {
        "date" : 711553714.45785201,
        "title" : "Untitled",
        "transform" : [
          1,
          0,
          0,
          0,
          0,
          0.86602544784545898,
          -0.49999994039535522,
          0,
          0,
          0.49999994039535522,
          0.86602544784545898,
          0,
          0,
          0.27093505859375,
          0.46927332878112793,
          1
        ]
      }
    ],
    "AF09ED6F-1707-48FD-8720-65B998362C09" : [
      {
        "date" : 711538707.08963799,
        "title" : "Untitled",
        "transform" : [
          0.99999654293060303,
          -2.4724475244930488e-10,
          -0.0026000712532550097,
          0,
          -0.001877664471976459,
          0.69172590970993042,
          -0.72215783596038818,
          0,
          0.0017985205631703138,
          0.7221602201461792,
          0.6917235255241394,
          0,
          -0.064874798059463501,
          2.8256497383117676,
          -0.064152121543884277,
          1
        ]
      },
      {
        "date" : 711538698.74902594,
        "title" : "Untitled",
        "transform" : [
          0.99895703792572021,
          -2.4946553156546258e-10,
          0.045659396797418594,
          0,
          0.030262606218457222,
          0.74880522489547729,
          -0.66209900379180908,
          0,
          -0.034190010279417038,
          0.66279017925262451,
          0.74802428483963013,
          0,
          -0.13942910730838776,
          2.7029080390930176,
          0.059276103973388672,
          1
        ]
      }
    ],
    "D560BB77-AAF3-4BDE-B7C4-989332A4688B" : [
      {
        "date" : 711555249.35702896,
        "title" : "Untitled",
        "transform" : [
          -0.25002413988113403,
          0,
          -0.96823960542678833,
          0,
          -0.48411989212036133,
          0.86602532863616943,
          0.12501212954521179,
          0,
          0.83851993083953857,
          0.50000011920928955,
          -0.21652722358703613,
          0,
          15.997272491455078,
          8.9876737594604492,
          -3.5686206817626953,
          1
        ]
      },
      {
        "date" : 711555243.55558205,
        "title" : "Untitled",
        "transform" : [
          -0.25002413988113403,
          0,
          -0.96823960542678833,
          0,
          -0.48411989212036133,
          0.86602532863616943,
          0.12501212954521179,
          0,
          0.83851993083953857,
          0.50000011920928955,
          -0.21652722358703613,
          0,
          6.9547653198242188,
          4.4744758605957031,
          -1.5514469146728516,
          1
        ]
      },
      {
        "date" : 711555231.227144,
        "title" : "Untitled",
        "transform" : [
          -0.25002413988113403,
          0,
          -0.96823960542678833,
          0,
          -0.48411989212036133,
          0.86602532863616943,
          0.12501212954521179,
          0,
          0.83851993083953857,
          0.50000011920928955,
          -0.21652722358703613,
          0,
          236.96734619140625,
          119.27590942382812,
          -52.861915588378906,
          1
        ]
      },
      {
        "date" : 711555220.99152899,
        "title" : "Untitled",
        "transform" : [
          -0.25002413988113403,
          0,
          -0.96823960542678833,
          0,
          -0.48411989212036133,
          0.86602532863616943,
          0.12501212954521179,
          0,
          0.83851993083953857,
          0.50000011920928955,
          -0.21652722358703613,
          0,
          38.605804443359375,
          20.271804809570312,
          -8.6120595932006836,
          1
        ]
      },
      {
        "date" : 711553562.39223599,
        "title" : "Untitled",
        "transform" : [
          -0.25002413988113403,
          0,
          -0.96823960542678833,
          0,
          -0.48411989212036133,
          0.86602532863616943,
          0.12501212954521179,
          0,
          0.83851993083953857,
          0.50000011920928955,
          -0.21652722358703613,
          0,
          3.369880199432373,
          2.6852269172668457,
          -0.75174212455749512,
          1
        ]
      },
      {
        "date" : 711553554.45965695,
        "title" : "Untitled",
        "transform" : [
          0.99962663650512695,
          0,
          -0.027325088158249855,
          0,
          -0.013662547804415226,
          0.86602532863616943,
          -0.49981343746185303,
          0,
          0.023664219304919243,
          0.50000011920928955,
          0.86570191383361816,
          0,
          -0.025230621919035912,
          3.0887770652770996,
          4.2810497283935547,
          1
        ]
      },
      {
        "date" : 711553493.04041004,
        "title" : "Untitled",
        "transform" : [
          0.99962663650512695,
          0,
          -0.027325088158249855,
          0,
          -0.013662547804415226,
          0.86602532863616943,
          -0.49981343746185303,
          0,
          0.023664219304919243,
          0.50000011920928955,
          0.86570191383361816,
          0,
          -0.020915668457746506,
          2.7321157455444336,
          3.5489027500152588,
          1
        ]
      },
      {
        "date" : 711553488.81869602,
        "title" : "Untitled",
        "transform" : [
          0.99994492530822754,
          0,
          -0.01049785315990448,
          0,
          -0.0052489279769361019,
          0.86602532863616943,
          -0.49997258186340332,
          0,
          0.0090914070606231689,
          0.50000011920928955,
          0.86597758531570435,
          0,
          -0.028962420299649239,
          1.6242128610610962,
          1.274314284324646,
          1
        ]
      },
      {
        "date" : 711553486.49839199,
        "title" : "Untitled",
        "transform" : [
          0.99994492530822754,
          0,
          -0.01049785315990448,
          0,
          -0.0052489279769361019,
          0.86602532863616943,
          -0.49997258186340332,
          0,
          0.0090914070606231689,
          0.50000011920928955,
          0.86597758531570435,
          0,
          -0.078682586550712585,
          2.6901619434356689,
          3.4619462490081787,
          1
        ]
      },
      {
        "date" : 711553461.44753098,
        "title" : "Untitled",
        "transform" : [
          0.99994492530822754,
          0,
          -0.01049785315990448,
          0,
          -0.0052489279769361019,
          0.86602532863616943,
          -0.49997258186340332,
          0,
          0.0090914070606231689,
          0.50000011920928955,
          0.86597758531570435,
          0,
          0.1482229083776474,
          2.0426051616668701,
          3.2693884372711182,
          1
        ]
      }
    ],
    "E1FA2DAC-E5FC-4610-B6FD-9C2E94E555AA" : [
      {
        "date" : 711643345.34794104,
        "title" : "Untitled",
        "transform" : [
          0.99792736768722534,
          2.6794049201583903e-09,
          0.064351677894592285,
          0,
          0.06287645548582077,
          0.21289201080799103,
          -0.97505050897598267,
          0,
          -0.013699961826205254,
          0.97707569599151611,
          0.21245075762271881,
          0,
          -0.48113247752189636,
          36.390232086181641,
          7.4611124992370605,
          1
        ]
      },
      {
        "date" : 711643311.82738495,
        "title" : "Untitled",
        "transform" : [
          1,
          0,
          0,
          0,
          0,
          0.86633074283599854,
          -0.49947077035903931,
          0,
          0,
          0.49947077035903931,
          0.86633074283599854,
          0,
          0,
          19.584003448486328,
          30.499691009521484,
          1
        ]
      }
    ],
    "E61F53E1-0783-4FA5-BC4E-86C98F417CAA" : [
      {
        "date" : 713193133.93856001,
        "title" : "Untitled",
        "transform" : [
          1,
          0,
          0,
          0,
          0,
          0.86602544784545898,
          -0.49999988079071045,
          0,
          0,
          0.49999988079071045,
          0.86602544784545898,
          0,
          0,
          0.19880329072475433,
          0.34433743357658386,
          1
        ]
      }
    ],
    "E38957ED-D601-4FD7-9ECB-0F6A06F77D2C" : [
      {
        "date" : 714493031.57853198,
        "title" : "Untitled",
        "transform" : [
          0.99929541349411011,
          6.0605470642016712e-10,
          -0.037532348185777664,
          0,
          -0.023032685741782188,
          0.78955310583114624,
          -0.61324995756149292,
          0,
          0.02963334321975708,
          0.6136823296546936,
          0.78899681568145752,
          0,
          -1.3490675687789917,
          3.5834746360778809,
          0.32078897953033447,
          1
        ]
      },
      {
        "date" : 714493028.00576305,
        "title" : "Untitled",
        "transform" : [
          0.99929541349411011,
          6.0605470642016712e-10,
          -0.037532348185777664,
          0,
          -0.023032685741782188,
          0.78955310583114624,
          -0.61324995756149292,
          0,
          0.02963334321975708,
          0.6136823296546936,
          0.78899681568145752,
          0,
          -0.87794780731201172,
          3.7837629318237305,
          -0.85701465606689453,
          1
        ]
      },
      {
        "date" : 714492999.75983298,
        "title" : "Untitled",
        "transform" : [
          0.99929541349411011,
          6.0605470642016712e-10,
          -0.037532348185777664,
          0,
          -0.023032685741782188,
          0.78955310583114624,
          -0.61324995756149292,
          0,
          0.02963334321975708,
          0.6136823296546936,
          0.78899681568145752,
          0,
          0.98494470119476318,
          3.7825479507446289,
          -0.92603683471679688,
          1
        ]
      },
      {
        "date" : 712586148.68543398,
        "title" : "Untitled",
        "transform" : [
          0.99929541349411011,
          6.0605470642016712e-10,
          -0.037532348185777664,
          0,
          -0.023032685741782188,
          0.78955310583114624,
          -0.61324995756149292,
          0,
          0.02963334321975708,
          0.6136823296546936,
          0.78899681568145752,
          0,
          0.9872816801071167,
          3.7976255416870117,
          -0.93785190582275391,
          1
        ]
      },
      {
        "date" : 712581844.13619006,
        "title" : "Untitled",
        "transform" : [
          0.99928098917007446,
          6.0605470642016712e-10,
          -0.037913545966148376,
          0,
          -0.023266619071364403,
          0.78955298662185669,
          -0.61324107646942139,
          0,
          0.029934318736195564,
          0.6136823296546936,
          0.78898543119430542,
          0,
          1.6101056337356567,
          7.7586650848388672,
          2.1076135635375977,
          1
        ]
      },
      {
        "date" : 712581841.15253401,
        "title" : "Untitled",
        "transform" : [
          0.99928098917007446,
          6.0605470642016712e-10,
          -0.037913545966148376,
          0,
          -0.023266619071364403,
          0.78955298662185669,
          -0.61324107646942139,
          0,
          0.029934318736195564,
          0.6136823296546936,
          0.78898543119430542,
          0,
          -1.3928220272064209,
          7.4841442108154297,
          2.4350688457489014,
          1
        ]
      },
      {
        "date" : 712581801.60422695,
        "title" : "Untitled",
        "transform" : [
          0.99928098917007446,
          6.0605470642016712e-10,
          -0.037913545966148376,
          0,
          -0.023266619071364403,
          0.78955298662185669,
          -0.61324107646942139,
          0,
          0.029934318736195564,
          0.6136823296546936,
          0.78898543119430542,
          0,
          -2.225712776184082,
          11.062589645385742,
          6.7623882293701172,
          1
        ]
      },
      {
        "date" : 712579902.87511206,
        "title" : "Untitled",
        "transform" : [
          0.99928098917007446,
          6.0605470642016712e-10,
          -0.037913545966148376,
          0,
          -0.023266619071364403,
          0.78955298662185669,
          -0.61324107646942139,
          0,
          0.029934318736195564,
          0.6136823296546936,
          0.78898543119430542,
          0,
          1.7285985946655273,
          14.128917694091797,
          4.2273330688476562,
          1
        ]
      },
      {
        "date" : 712579897.772475,
        "title" : "Untitled",
        "transform" : [
          0.99928098917007446,
          6.0605470642016712e-10,
          -0.037913545966148376,
          0,
          -0.023266619071364403,
          0.78955298662185669,
          -0.61324107646942139,
          0,
          0.029934318736195564,
          0.6136823296546936,
          0.78898543119430542,
          0,
          0.86571598052978516,
          16.041118621826172,
          2.7727394104003906,
          1
        ]
      },
      {
        "date" : 712579649.35068405,
        "title" : "Untitled",
        "transform" : [
          0.99928098917007446,
          6.0605470642016712e-10,
          -0.037913545966148376,
          0,
          -0.023266619071364403,
          0.78955298662185669,
          -0.61324107646942139,
          0,
          0.029934318736195564,
          0.6136823296546936,
          0.78898543119430542,
          0,
          0.075540781021118164,
          9.6661548614501953,
          7.7612466812133789,
          1
        ]
      }
    ]
  },
  "selectedSceneRelativePath" : "Bottle.usda"
}